begin	e-	H2	=>	e-	H2	// Phelps, typ reakce = elastic
	0	6.4E-016
	0.001	6.4E-016
	0.002	6.5E-016
	0.003	6.6E-016
	0.005	6.8E-016
	0.007	7.1E-016
	0.0085	7.2E-016
	0.01	7.3E-016
	0.015	7.7E-016
	0.02	8.00E-016
	0.03	8.5E-016
	0.04	8.96E-016
	0.05	9.28E-016
	0.07	9.85E-016
	0.1	1.05E-015
	0.12	1.085E-015
	0.15	1.14E-015
	0.17	1.16E-015
	0.2	1.2E-015
	0.25	1.25E-015
	0.3	1.3E-015
	0.35	1.345E-015
	0.4	1.39E-015
	0.5	1.47E-015
	0.7	1.63E-015
	1	1.74E-015
	1.2	1.78E-015
	1.3	1.8E-015
	1.5	1.825E-015
	1.7	1.825E-015
	1.9	1.81E-015
	2.1	1.79E-015
	2.2	1.77E-015
	2.5	1.7E-015
	2.8	1.64E-015
	3	1.6E-015
	3.3	1.56E-015
	3.6	1.48E-015
	4	1.4E-015
	4.5	1.31E-015
	5	1.22E-015
	6	1.04E-015
	7	8.9E-016
	8	7.85E-016
	10	6.00E-016
	12	5.2E-016
	15	4.5E-016
	17	4.2E-016
	20	3.9E-016
	25	3.6E-016
	30	3.4E-016
	50	2.9E-016
	75	2.6E-016
	100	2.3E-016
	150	1.9E-016
	200	1.62E-016
	300	1.28E-016
	500	9.2E-017
	700	7.2E-017
	1000	5.4E-017
	1500	3.7E-017
	2000	2.9E-017
	3000	2.1E-017
	5000	1.4E-017
	7000	1.04E-017
end

begin	e-	He	=>	e-	He	// Phelps, typ reakce = elastic
	0	4.96E-016
	0.001	4.98E-016
	0.002	5.02E-016
	0.003	5.07E-016
	0.005	5.12E-016
	0.007	5.15E-016
	0.0085	5.18E-016
	0.01	5.21E-016
	0.015	5.28E-016
	0.02	5.35E-016
	0.03	5.46E-016
	0.04	5.54E-016
	0.05	5.62E-016
	0.07	5.74E-016
	0.1	5.86E-016
	0.12	5.94E-016
	0.15	6.04E-016
	0.17	6.08E-016
	0.2	6.16E-016
	0.25	6.27E-016
	0.3	6.35E-016
	0.35	6.42E-016
	0.4	6.49E-016
	0.5	6.59E-016
	0.7	6.73E-016
	1	6.85E-016
	1.2	6.91E-016
	1.3	6.92E-016
	1.5	6.96E-016
	1.7	6.97E-016
	1.9	6.98E-016
	2.1	6.98E-016
	2.2	6.98E-016
	2.5	6.96E-016
	2.8	6.92E-016
	3	6.89E-016
	3.3	6.82E-016
	3.6	6.73E-016
	4	6.6E-016
	4.5	6.49E-016
	5	6.31E-016
	6	6E-016
	7	5.68E-016
	8	5.35E-016
	10	4.72E-016
	12	4.2E-016
	15	3.5E-016
	17	3.15E-016
	20	2.64E-016
	25	2.05E-016
	30	1.74E-016
	50	1.1E-016
	75	8.8E-017
	100	7.5E-017
	150	6.05E-017
	200	5.2E-017
	300	4.1E-017
	500	3E-017
	750	2.35E-017
	1000	1.7E-017
end

begin	e-	Ar	=>	e-	Ar	// Phelps; typ reakce = elastic
	0	7.5E-016
	0.001	7.5E-016
	0.002	7.1E-016
	0.003	6.7E-016
	0.005	6.1E-016
	0.007	5.4E-016
	0.0085	5.05E-016
	0.01	4.6E-016
	0.015	3.75E-016
	0.02	3.25E-016
	0.03	2.5E-016
	0.04	2.05E-016
	0.05	1.73E-016
	0.07	1.13E-016
	0.1	5.9E-017
	0.12	4E-017
	0.15	2.3E-017
	0.17	1.6E-017
	0.2	1.03E-017
	0.25	9.1E-018
	0.3	1.53E-017
	0.35	2.35E-017
	0.4	3.3E-017
	0.5	5.1E-017
	0.7	8.6E-017
	1	1.38E-016
	1.2	1.66E-016
	1.3	1.82E-016
	1.5	2.1E-016
	1.7	2.3E-016
	1.9	2.5E-016
	2.1	2.8E-016
	2.2	2.9E-016
	2.5	3.3E-016
	2.8	3.8E-016
	3	4.1E-016
	3.3	4.5E-016
	3.6	4.9E-016
	4	5.4E-016
	4.5	6.1E-016
	5	6.7E-016
	6	8.1E-016
	7	9.6E-016
	8	1.17E-015
	10	1.5E-015
	12	1.52E-015
	15	1.41E-015
	17	1.31E-015
	20	1.1E-015
	25	9.45E-016
	30	8.74E-016
	50	6.9E-016
	75	5.85E-016
	100	5.25E-016
end

begin	e-	H	=>	e-	e-	H+	// hydhel
	 0	0
	 1.000000E+00	 0.000000E+00
	 1.151395E+00	 0.000000E+00
	 1.325711E+00	 0.000000E+00
	 1.526418E+00	 0.000000E+00
	 1.757511E+00	 0.000000E+00
	 2.023590E+00	 0.000000E+00
	 2.329952E+00	 0.000000E+00
	 2.682696E+00	 0.000000E+00
	 3.088844E+00	 0.000000E+00
	 3.556480E+00	 0.000000E+00
	 4.094915E+00	 0.000000E+00
	 4.714866E+00	 0.000000E+00
	 5.428675E+00	 0.000000E+00
	 6.250552E+00	 0.000000E+00
	 7.196857E+00	 0.000000E+00
	 8.286428E+00	 0.000000E+00
	 9.540955E+00	 0.000000E+00
	 1.098541E+01	 0.000000E+00
	 1.264855E+01	 0.000000E+00
	 1.456348E+01	 9.241118E-19
	 1.676833E+01	 5.181743E-18
	 1.930698E+01	 1.677659E-17
	 2.222996E+01	 3.601611E-17
	 2.559548E+01	 5.728080E-17
	 2.947052E+01	 7.366299E-17
	 3.393222E+01	 8.197469E-17
	 3.906940E+01	 8.310662E-17
	 4.498433E+01	 7.972220E-17
	 5.179475E+01	 7.433632E-17
	 5.963623E+01	 6.860855E-17
	 6.866488E+01	 6.338746E-17
	 7.906043E+01	 5.897854E-17
	 9.102982E+01	 5.538509E-17
	 1.048113E+02	 5.246503E-17
	 1.206793E+02	 5.001899E-17
	 1.389495E+02	 4.783767E-17
	 1.599859E+02	 4.572900E-17
	 1.842070E+02	 4.353609E-17
	 2.120951E+02	 4.114997E-17
	 2.442053E+02	 3.851699E-17
	 2.811769E+02	 3.563916E-17
	 3.237458E+02	 3.256694E-17
	 3.727594E+02	 2.938526E-17
	 4.291934E+02	 2.619592E-17
	 4.941713E+02	 2.310007E-17
	 5.689866E+02	 2.018428E-17
	 6.551286E+02	 1.751198E-17
	 7.543120E+02	 1.512070E-17
	 8.685114E+02	 1.302388E-17
	 1.000000E+03	 1.121555E-17
end

begin	e-	H2	=>	e-	H2(v=1)	// hydhel; inverse=True, ENERGY LOSS = -0.516
	 0	0
	 8.950000E-01	0
	 1.000000E+00	2.241028E-18
	 1.151395E+00	 1.266512E-17
	 1.325711E+00	 3.067115E-17
	 1.526418E+00	 4.488779E-17
	 1.757511E+00	 4.983393E-17
	 2.023590E+00	 4.834986E-17
	 2.329952E+00	 4.443805E-17
	 2.682696E+00	 4.024504E-17
	 3.088844E+00	 3.639769E-17
	 3.556480E+00	 3.283134E-17
	 4.094915E+00	 2.930841E-17
	 4.714866E+00	 2.566774E-17
	 5.428675E+00	 2.191227E-17
	 6.250552E+00	 1.818933E-17
	 7.196857E+00	 1.470827E-17
	 8.286428E+00	 1.164997E-17
	 9.540955E+00	 9.112375E-18
	 1.098541E+01	 7.104142E-18
	 1.264855E+01	 5.570053E-18
	 1.456348E+01	 4.424458E-18
	 1.676833E+01	 3.577227E-18
	 1.930698E+01	 2.948030E-18
	 2.222996E+01	 2.471425E-18
	 2.559548E+01	 2.096959E-18
	 2.947052E+01	 1.787601E-18
	 3.393222E+01	 1.518197E-18
	 3.906940E+01	 1.274275E-18
	 4.498433E+01	 1.050543E-18
	 5.179475E+01	 8.483861E-19
	 5.963623E+01	 6.723121E-19
	 6.866488E+01	 5.263470E-19
	 7.906043E+01	 4.116723E-19
	 9.102982E+01	 3.261120E-19
	 1.048113E+02	 2.649523E-19
	 1.206793E+02	 2.219715E-19
	 1.389495E+02	 1.897465E-19
	 1.599859E+02	 1.592254E-19
	 1.842070E+02	 1.207310E-19
	 2.120951E+02	 7.134655E-20
	 2.442053E+02	 2.587608E-20
	 2.811769E+02	 4.009516E-21
	 3.237458E+02	 1.570992E-22
	 3.727594E+02	 7.474757E-25
	 4.291934E+02	 1.592314E-28
	 4.941713E+02	 4.029129E-34
	 5.689866E+02	 2.144241E-42
	 6.551286E+02	 2.600526E-54
	 7.543120E+02	 4.315378E-71
	 8.685114E+02	 2.911734E-94
	 1.000000E+03	 1.034105E-125
end

begin	e-	H2	=>	e-	H2(v=2)	// hydhel; inverse=True, vibration_cooling, ENERGY LOSS = -1.032
	0	0
	 1.000000E+00	0.000000E+00
	 1.151395E+00	 5.718935E-20
	 1.325711E+00	 8.373067E-20
	 1.526418E+00	 1.743458E-19
	 1.757511E+00	 4.133299E-19
	 2.023590E+00	 9.644194E-19
	 2.329952E+00	 2.029425E-18
	 2.682696E+00	 3.684255E-18
	 3.088844E+00	 5.690570E-18
	 3.556480E+00	 7.526463E-18
	 4.094915E+00	 8.686378E-18
	 4.714866E+00	 8.970596E-18
	 5.428675E+00	 8.516247E-18
	 6.250552E+00	 7.625248E-18
	 7.196857E+00	 6.584510E-18
	 8.286428E+00	 5.582326E-18
	 9.540955E+00	 4.707579E-18
	 1.098541E+01	 3.982196E-18
	 1.264855E+01	 3.393650E-18
	 1.456348E+01	 2.916644E-18
	 1.676833E+01	 2.524670E-18
	 1.930698E+01	 2.195121E-18
	 2.222996E+01	 1.910974E-18
	 2.559548E+01	 1.660789E-18
	 2.947052E+01	 1.437870E-18
	 3.393222E+01	 1.238988E-18
	 3.906940E+01	 1.062979E-18
	 4.498433E+01	 9.094597E-19
	 5.179475E+01	 7.778995E-19
	 5.963623E+01	 6.671148E-19
	 6.866488E+01	 5.751555E-19
	 7.906043E+01	 4.994393E-19
	 9.102982E+01	 4.369915E-19
	 1.048113E+02	 3.846988E-19
	 1.206793E+02	 3.395535E-19
	 1.389495E+02	 2.989187E-19
	 1.599859E+02	 2.608469E-19
	 1.842070E+02	 2.244185E-19
	 2.120951E+02	 1.899677E-19
	 2.442053E+02	 1.590219E-19
	 2.811769E+02	 1.339558E-19
	 3.237458E+02	 1.177919E-19
	 3.727594E+02	 1.153505E-19
	 4.291934E+02	 1.395567E-19
	 4.941713E+02	 2.439239E-19
	 5.689866E+02	 7.717522E-19
	 6.551286E+02	 6.051877E-18
	 7.543120E+02	 1.801114E-16
	 8.685114E+02	 3.579551E-14
	 1.000000E+03	 9.911468E-11
end

begin	e-	H2	=>	e-	H2(v=3)	// hydhel; inverse=True, vibration_cooling, ENERGY LOSS = -1.564
0	0
1.5	0
1.8	3E-020
1.9	1E-019
2	1.3E-019
2.2	2E-019
2.5	2.9E-019
3	3.7E-019
3.3	4.1E-019
3.7	4.1E-019
5	3.4E-019
7	2.3E-019
10	1.2E-019
12	6E-020
14	1E-020
16	0
50	0
end

begin	e-	H2(v=1)	=>	e-	H2(v=2)	// hydhel_vibr, funkce pro rate, vibration_cooling, ENERGY LOSS = -0.516
-1.977634E+01	   9.564088E-01	  -6.931762E-01	   1.673973E-01	  -3.230467E-02	   5.844010E-03	  -8.590100E-04	   7.465076E-05	  -2.670220E-06
begin	e-	H2(v=2)	=>	e-	H2(v=1)	// hydhel_vibr, funkce pro rate, ENERGY LOSS = 0.516
-1.929087E+01	 4.714322E-01	-4.524406E-01	 8.960513E-02	-1.460779E-02	 3.015245E-03	-5.583268E-04	 5.575454E-05	-2.143551E-06

begin	e-	H2(v=2)	=>	e-	H2(v=3)	// hydhel_vibr, funkce pro rate, ENERGY LOSS = -0.516
   -1.937087E+01	    9.563986E-01	   -6.931517E-01	    1.673707E-01	   -3.228933E-02	    5.839032E-03	   -8.581058E-04	    7.456527E-05	   -2.666953E-06
begin	e-	H2(v=3)	=>	e-	H2(v=2)	// hydhel_vibr, funkce pro rate, ENERGY LOSS = 0.516
-1.891549E+01	 5.014967E-01	-4.673877E-01	 9.445845E-02	-1.572267E-02	 3.196102E-03	-5.779051E-04	 5.700957E-05	-2.179234E-06





begin	e-	H2 	=>	e-	H2+	e-		// hydhel
	 0	0
	 1.000000E+00  0.000000E+00
	 1.151395E+00  0.000000E+00
	 1.325711E+00  0.000000E+00
	 1.526418E+00  0.000000E+00
	 1.757511E+00  0.000000E+00
	 2.023590E+00  0.000000E+00
	 2.329952E+00  0.000000E+00
	 2.682696E+00  0.000000E+00
	 3.088844E+00  0.000000E+00
	 3.556480E+00  0.000000E+00
	 4.094915E+00  0.000000E+00
	 4.714866E+00  0.000000E+00
	 5.428675E+00  0.000000E+00
	 6.250552E+00  0.000000E+00
	 7.196857E+00  0.000000E+00
	 8.286428E+00  0.000000E+00
	 9.540955E+00  0.000000E+00
	 1.098541E+01  0.000000E+00
	 1.264855E+01  0.000000E+00
	 1.456348E+01  0.000000E+00
	 1.676833E+01  1.612086E-19
	 1.930698E+01  2.159236E-18
	 2.222996E+01  1.262856E-17
	 2.559548E+01  3.978556E-17
	 2.947052E+01  7.987388E-17
	 3.393222E+01  1.166647E-16
	 3.906940E+01  1.373681E-16
	 4.498433E+01  1.409227E-16
	 5.179475E+01  1.333707E-16
	 5.963623E+01  1.212659E-16
	 6.866488E+01  1.088603E-16
	 7.906043E+01  9.813134E-17
	 9.102982E+01  8.963683E-17
	 1.048113E+02  8.323900E-17
	 1.206793E+02  7.852289E-17
	 1.389495E+02  7.499473E-17
	 1.599859E+02  7.216633E-17
	 1.842070E+02  6.959397E-17
	 2.120951E+02  6.690533E-17
	 2.442053E+02  6.382468E-17
	 2.811769E+02  6.019359E-17
	 3.237458E+02  5.597946E-17
	 3.727594E+02  5.126539E-17
	 4.291934E+02  4.622135E-17
	 4.941713E+02  4.106298E-17
	 5.689866E+02  3.600864E-17
	 6.551286E+02  3.124478E-17
	 7.543120E+02  2.690548E-17
	 8.685114E+02  2.306676E-17
	 1.000000E+03  1.975238E-17
end

begin	e-	H2	=>	e-	H	H	// hydhel
	 0	0
	 1.000000E+00  0.000000E+00
	 1.151395E+00  0.000000E+00
	 1.325711E+00  0.000000E+00
	 1.526418E+00  0.000000E+00
	 1.757511E+00  0.000000E+00
	 2.023590E+00  0.000000E+00
	 2.329952E+00  0.000000E+00
	 2.682696E+00  0.000000E+00
	 3.088844E+00  0.000000E+00
	 3.556480E+00  0.000000E+00
	 4.094915E+00  0.000000E+00
	 4.714866E+00  0.000000E+00
	 5.428675E+00  0.000000E+00
	 6.250552E+00  0.000000E+00
	 7.196857E+00  0.000000E+00
	 8.286428E+00  0.000000E+00
	 9.540955E+00  5.738120E-24
	 1.098541E+01  1.972163E-18
	 1.264855E+01  7.647072E-17
	 1.456348E+01  1.124149E-16
	 1.676833E+01  8.207642E-17
	 1.930698E+01  6.797776E-17
	 2.222996E+01  6.656040E-17
	 2.559548E+01  6.406320E-17
	 2.947052E+01  5.269372E-17
	 3.393222E+01  3.649574E-17
	 3.906940E+01  2.311047E-17
	 4.498433E+01  1.489183E-17
	 5.179475E+01  1.039353E-17
	 5.963623E+01  7.714907E-18
	 6.866488E+01  5.576467E-18
	 7.906043E+01  3.536457E-18
	 9.102982E+01  1.883008E-18
	 1.048113E+02  9.097043E-19
	 1.206793E+02  4.826028E-19
	 1.389495E+02  3.281502E-19
	 1.599859E+02  2.203520E-19
	 1.842070E+02  3.638176E-20
	 2.120951E+02  3.680811E-23
	 2.442053E+02  9.704306E-32
	 2.811769E+02  3.882642E-52
	 3.237458E+02  5.969651E-95
	 3.727594E+02  4.034779E-177
	 4.291934E+02  0.000000E+00
	 4.941713E+02  0.000000E+00
	 5.689866E+02  0.000000E+00
	 6.551286E+02  0.000000E+00
	 7.543120E+02  0.000000E+00
	 8.685114E+02  0.000000E+00
	 1.000000E+03  0.000000E+00
end

begin	e-	H2	=>	e-	H+	H	e-	// hydhel
	 0	0
	 1.000000E+00  0.000000E+00
	 1.151395E+00  0.000000E+00
	 1.325711E+00  0.000000E+00
	 1.526418E+00  0.000000E+00
	 1.757511E+00  0.000000E+00
	 2.023590E+00  0.000000E+00
	 2.329952E+00  0.000000E+00
	 2.682696E+00  0.000000E+00
	 3.088844E+00  0.000000E+00
	 3.556480E+00  0.000000E+00
	 4.094915E+00  0.000000E+00
	 4.714866E+00  0.000000E+00
	 5.428675E+00  0.000000E+00
	 6.250552E+00  0.000000E+00
	 7.196857E+00  0.000000E+00
	 8.286428E+00  0.000000E+00
	 9.540955E+00  0.000000E+00
	 1.098541E+01  0.000000E+00
	 1.264855E+01  0.000000E+00
	 1.456348E+01  0.000000E+00
	 1.676833E+01  0.000000E+00
	 1.930698E+01  6.511428E-20
	 2.222996E+01  2.886270E-19
	 2.559548E+01  7.003862E-19
	 2.947052E+01  1.184763E-18
	 3.393222E+01  1.641841E-18
	 3.906940E+01  2.062768E-18
	 4.498433E+01  2.489343E-18
	 5.179475E+01  2.966241E-18
	 5.963623E+01  3.517579E-18
	 6.866488E+01  4.136240E-18
	 7.906043E+01  4.778594E-18
	 9.102982E+01  5.367674E-18
	 1.048113E+02  5.810178E-18
	 1.206793E+02  6.025595E-18
	 1.389495E+02  5.975324E-18
	 1.599859E+02  5.676122E-18
	 1.842070E+02  5.190906E-18
	 2.120951E+02  4.603864E-18
	 2.442053E+02  3.994281E-18
	 2.811769E+02  3.420089E-18
	 3.237458E+02  2.913623E-18
	 3.727594E+02  2.485733E-18
	 4.291934E+02  2.133008E-18
	 4.941713E+02  1.844480E-18
	 5.689866E+02  1.606435E-18
	 6.551286E+02  1.405377E-18
	 7.543120E+02  1.229745E-18
	 8.685114E+02  1.070894E-18
	 1.000000E+03  9.235882E-19
end

begin	e-	H2+	=>	e-	H+	H		// hydhel
	 0	0     
	 1.000000E+00  0.000000E+00
	 1.151395E+00  0.000000E+00
	 1.325711E+00  0.000000E+00
	 1.526418E+00  0.000000E+00
	 1.757511E+00  0.000000E+00
	 2.023590E+00  0.000000E+00
	 2.329952E+00  0.000000E+00
	 2.682696E+00  1.600214E-17
	 3.088844E+00  1.030156E-16
	 3.556480E+00  3.617307E-16
	 4.094915E+00  7.974015E-16
	 4.714866E+00  1.239445E-15
	 5.428675E+00  1.493621E-15
	 6.250552E+00  1.506301E-15
	 7.196857E+00  1.350664E-15
	 8.286428E+00  1.128688E-15
	 9.540955E+00  9.108562E-16
	 1.098541E+01  7.285798E-16
	 1.264855E+01  5.882020E-16
	 1.456348E+01  4.849289E-16
	 1.676833E+01  4.109461E-16
	 1.930698E+01  3.588926E-16
	 2.222996E+01  3.228678E-16
	 2.559548E+01  2.984199E-16
	 2.947052E+01  2.822269E-16
	 3.393222E+01  2.717577E-16
	 3.906940E+01  2.650053E-16
	 4.498433E+01  2.603112E-16
	 5.179475E+01  2.562744E-16
	 5.963623E+01  2.517270E-16
	 6.866488E+01  2.457555E-16
	 7.906043E+01  2.377405E-16
	 9.102982E+01  2.273889E-16
	 1.048113E+02  2.147355E-16
	 1.206793E+02  2.001054E-16
	 1.389495E+02  1.840380E-16
	 1.599859E+02  1.671893E-16
	 1.842070E+02  1.502314E-16
	 2.120951E+02  1.337683E-16
	 2.442053E+02  1.182807E-16
	 2.811769E+02  1.041008E-16
	 3.237458E+02  9.141521E-17
	 3.727594E+02  8.028456E-17
	 4.291934E+02  7.067338E-17
	 4.941713E+02  6.248055E-17
	 5.689866E+02  5.556652E-17
	 6.551286E+02  4.977439E-17
	 7.543120E+02  4.494471E-17
	 8.685114E+02  4.092459E-17
	 1.000000E+03  3.757253E-17
end

begin	e-	H2+	=>	e-	H+	H+	e-	// hydhel
 0	0
	 1.000000E+00  0.000000E+00
	 1.151395E+00  0.000000E+00
	 1.325711E+00  0.000000E+00
	 1.526418E+00  0.000000E+00
	 1.757511E+00  0.000000E+00
	 2.023590E+00  0.000000E+00
	 2.329952E+00  0.000000E+00
	 2.682696E+00  0.000000E+00
	 3.088844E+00  0.000000E+00
	 3.556480E+00  0.000000E+00
	 4.094915E+00  0.000000E+00
	 4.714866E+00  0.000000E+00
	 5.428675E+00  0.000000E+00
	 6.250552E+00  0.000000E+00
	 7.196857E+00  0.000000E+00
	 8.286428E+00  0.000000E+00
	 9.540955E+00  0.000000E+00
	 1.098541E+01  0.000000E+00
	 1.264855E+01  0.000000E+00
	 1.456348E+01  0.000000E+00
	 1.676833E+01  9.798766E-20
	 1.930698E+01  4.576019E-19
	 2.222996E+01  1.404086E-18
	 2.559548E+01  3.130622E-18
	 2.947052E+01  5.496759E-18
	 3.393222E+01  8.096271E-18
	 3.906940E+01  1.050544E-17
	 4.498433E+01  1.246268E-17
	 5.179475E+01  1.389357E-17
	 5.963623E+01  1.484572E-17
	 6.866488E+01  1.541379E-17
	 7.906043E+01  1.569047E-17
	 9.102982E+01  1.574538E-17
	 1.048113E+02  1.562192E-17
	 1.206793E+02  1.534284E-17
	 1.389495E+02  1.491848E-17
	 1.599859E+02  1.435498E-17
	 1.842070E+02  1.366065E-17
	 2.120951E+02  1.285000E-17
	 2.442053E+02  1.194516E-17
	 2.811769E+02  1.097489E-17
	 3.237458E+02  9.971919E-18
	 3.727594E+02  8.969408E-18
	 4.291934E+02  7.997531E-18
	 4.941713E+02  7.080883E-18
	 5.689866E+02  6.237062E-18
	 6.551286E+02  5.476442E-18
	 7.543120E+02  4.802880E-18
	 8.685114E+02  4.214990E-18
	 1.000000E+03  3.707611E-18
end

begin	e-	H3+	=>	H	H	H		// hydhel 
0	0
0.0001	5.69293253891501E-012
0.0002	2.5653790421547E-012
0.0003	1.60933551162017E-012
0.0004	1.15602452425703E-012
0.0005	8.94376815082643E-013
0.0006	7.25207187171856E-013
0.0007	6.07397907525863E-013
0.0008	5.20933818638055E-013
0.0009	4.54943172303136E-013
0.001	4.03028759170817E-013
0.002	1.81614927824084E-013
0.003	1.13932229111119E-013
0.004	8.1840268859244E-014
0.005	6.33170295888669E-014
0.006	5.13407370963394E-014
0.007	4.30004788076681E-014
0.008	3.68792900847942E-014
0.009	3.22075100966352E-014
0.01	2.8532251104055E-014
0.02	1.2857352253429E-014
0.03	8.06578413047042E-015
0.04	5.79384733317662E-015
0.05	4.48250241771641E-015
0.06	3.63464583945278E-015
0.07	3.04420076983881E-015
0.08	2.61085379466098E-015
0.09	2.28011709984224E-015
0.1	2.01992868881054E-015
2.50E-001		2.26900840864499E-015
3.75E-001		1.57207126812894E-015
5.00E-001		1.21171856464175E-015
6.25E-001		9.9014202198135E-016
7.50E-001		8.3953322221029E-016
8.75E-001		7.30214669701517E-016
1.00E+000		6.4709406730413E-016
1.13E+000		5.81666446121516E-016
1.25E+000		5.28765545819577E-016
1.38E+000		4.85067823058463E-016
1.50E+000		4.48335928200795E-016
1.63E+000		4.1700722859268E-016
1.75E+000		3.89956541403459E-016
1.88E+000		3.66352596575699E-016
2.00E+000		3.45567645952302E-016
2.13E+000		3.27118565304332E-016
2.25E+000		3.10627333291816E-016
2.38E+000		2.95793826188672E-016
2.50E+000		2.82376665406288E-016
2.63E+000		2.70179463515137E-016
2.75E+000		2.59040770439812E-016
2.88E+000		2.48826606513942E-016
3.00E+000		2.39424836561425E-016
3.13E+000		2.30740875483987E-016
3.25E+000		2.22694371052096E-016
3.38E+000		2.1521661352281E-016
3.50E+000		2.08248492522693E-016
3.63E+000		2.01738870664984E-016
3.75E+000		1.95643277822926E-016
3.88E+000		1.89922854520679E-016
4.00E+000		1.84543490603293E-016
4.13E+000		1.7947511826341E-016
4.25E+000		1.74691128030937E-016
4.38E+000		1.70167883432472E-016
4.50E+000		1.65884315368973E-016
4.63E+000		1.61821581314705E-016
4.75E+000		1.57962777543408E-016
4.88E+000		1.54292694981223E-016
5.00E+000		1.50797611146121E-016
5.13E+000		1.47465112088916E-016
5.25E+000		1.44283939397767E-016
5.38E+000		1.41243858236805E-016
5.50E+000		1.3833554311427E-016
5.63E+000		1.3555047865668E-016
5.75E+000		1.32880873134158E-016
5.88E+000		1.30319582861523E-016
6.00E+000		1.27860045909128E-016
6.13E+000		1.25496223810154E-016
6.25E+000		1.23222550158981E-016
6.38E+000		1.21033885166769E-016
6.50E+000		1.18925475382423E-016
6.63E+000		1.16892917905378E-016
6.75E+000		1.1493212851531E-016
6.88E+000		1.13039313226589E-016
7.00E+000		1.11210942844808E-016
7.13E+000		1.09443730161423E-016
7.25E+000		1.07734609472167E-016
7.38E+000		1.06080718147024E-016
7.50E+000		1.04479380015514E-016
7.63E+000		1.02928090361615E-016
7.75E+000		1.01424502348898E-016
7.88E+000		9.99664147190473E-017
8.00E+000		9.85517606262071E-017
8.13E+000		9.71785974864776E-017
8.25E+000		9.58450977362198E-017
8.38E+000		9.45495404054602E-017
8.50E+000		9.32903034235785E-017
8.63E+000		9.2065856583927E-017
8.75E+000		9.08747551023435E-017
8.88E+000		8.97156337117714E-017
9.00E+000		8.85872012415163E-017
9.13E+000		8.74882356352883E-017
9.25E+000		8.64175793670469E-017
9.38E+000		8.53741352180063E-017
9.50E+000		8.43568623819652E-017
9.63E+000		8.33647728694977E-017
9.75E+000		8.23969281845352E-017
9.88E+000		8.14524362495208E-017
1.00E+001		8.05304485576493E-017
1.01E+001		7.96657623663689E-017
1.03E+001		7.87507940800022E-017
1.04E+001		7.78576686126822E-017
1.05E+001		7.70519524218998E-017
1.06E+001		7.62635890444637E-017
1.08E+001		7.54284578739223E-017
1.09E+001		7.46123468462978E-017
1.10E+001		7.38753303436866E-017
1.11E+001		7.31534729665128E-017
1.13E+001		7.2388022366281E-017
1.14E+001		7.16392385545241E-017
1.15E+001		7.09623729241792E-017
1.16E+001		7.02988298749491E-017
1.18E+001		6.95945670751746E-017
1.19E+001		6.89049930407814E-017
1.20E+001		6.82811005519657E-017
1.21E+001		6.76689811486117E-017
1.23E+001		6.70187486321031E-017
1.24E+001		6.63815299659189E-017
1.25E+001		6.58045386879865E-017
1.26E+001		6.5238003874861E-017
1.28E+001		6.46357259181708E-017
1.29E+001		6.40450338774944E-017
1.30E+001		6.35097718371603E-017
1.31E+001		6.2983840192266E-017
1.33E+001		6.24243251639575E-017
1.34E+001		6.18751710254264E-017
1.35E+001		6.13772048023747E-017
1.36E+001		6.08876000607252E-017
1.38E+001		6.03663846502584E-017
1.39E+001		5.98544730726999E-017
1.40E+001		5.93899800119139E-017
1.41E+001		5.89330100798162E-017
1.43E+001		5.8446235419357E-017
1.44E+001		5.79678475613926E-017
1.45E+001		5.75335136945302E-017
1.46E+001		5.71059738071698E-017
1.48E+001		5.66502861071238E-017
1.49E+001		5.62021856744869E-017
1.50E+001		5.57951235018094E-017
1.51E+001		5.53942180748945E-017
1.53E+001		5.49666882850844E-017
1.54E+001		5.45460454170663E-017
1.55E+001		5.41637271758899E-017
1.56E+001		5.3787006265492E-017
1.58E+001		5.33850646362392E-017
1.59E+001		5.29893937941267E-017
1.60E+001		5.26295969084384E-017
1.61E+001		5.22749041840635E-017
1.63E+001		5.18962865944042E-017
1.64E+001		5.15233955310529E-017
1.65E+001		5.11841577203215E-017
1.66E+001		5.08495875845654E-017
1.68E+001		5.0492291236594E-017
1.69E+001		5.01402388033145E-017
1.70E+001		4.98198209088441E-017
1.71E+001		4.95036829377626E-017
1.73E+001		4.91659295608134E-017
1.74E+001		4.88329906130708E-017
1.75E+001		4.85298456344131E-017
1.76E+001		4.82306349182816E-017
1.78E+001		4.7910840036075E-017
1.79E+001		4.7595476080152E-017
1.80E+001		4.730822324191E-017
1.81E+001		4.70245955128674E-017
1.83E+001		4.67213426371955E-017
1.84E+001		4.64221771492916E-017
1.85E+001		4.61495800682977E-017
1.86E+001		4.58803307355388E-017
1.88E+001		4.55923495874674E-017
1.89E+001		4.53081471583963E-017
1.90E+001		4.5049095372965E-017
1.91E+001		4.47931417662654E-017
1.93E+001		4.45192898087973E-017
1.94E+001		4.42489384386511E-017
1.95E+001		4.40024317099073E-017
1.96E+001		4.37587979718729E-017
1.98E+001		4.34980446801148E-017
1.99E+001		4.3240540680456E-017
2.00E+001		4.30056755913301E-017
2.01E+001		4.27734797677581E-017
2.03E+001		4.2524893173703E-017
2.04E+001		4.22793282391784E-017
2.05E+001		4.20552867073596E-017
2.06E+001		4.18337296707452E-017
2.08E+001		4.15964648072645E-017
2.09E+001		4.13620149007941E-017
2.10E+001		4.11480542935588E-017
2.11E+001		4.09364102025121E-017
2.13E+001		4.07096991404164E-017
2.14E+001		4.04856149013838E-017
2.15E+001		4.02810594971173E-017
2.16E+001		4.00786675483863E-017
2.18E+001		3.9861810775603E-017
2.19E+001		3.9647409212565E-017
2.20E+001		3.94516427992894E-017
2.21E+001		3.92579000721876E-017
2.23E+001		3.90502590083851E-017
2.24E+001		3.88449162796043E-017
2.25E+001		3.86573757173805E-017
2.26E+001		3.84717309451613E-017
2.28E+001		3.82727214207421E-017
2.29E+001		3.80758665396054E-017
2.30E+001		3.78960361431943E-017
2.31E+001		3.77179842739704E-017
2.33E+001		3.75270708312738E-017
2.34E+001		3.73381801609789E-017
2.35E+001		3.71655867831345E-017
2.36E+001		3.69946642157812E-017
2.38E+001		3.6811355113799E-017
2.39E+001		3.66299475379973E-017
2.40E+001		3.64641562533301E-017
2.41E+001		3.6299936652431E-017
2.43E+001		3.61237794755618E-017
2.44E+001		3.59494121498906E-017
2.45E+001		3.57900224552445E-017
2.46E+001		3.56321130644541E-017
2.48E+001		3.54626908516122E-017
2.49E+001		3.52949554560351E-017
2.50E+001		3.51415979165551E-017
end

begin	e-	H3+	=>	e-	H+	H	H	// hydhel
	 0	0
	 1.000000E+00  0.000000E+00
	 1.151395E+00  0.000000E+00
	 1.325711E+00  0.000000E+00
	 1.526418E+00  0.000000E+00
	 1.757511E+00  0.000000E+00
	 2.023590E+00  0.000000E+00
	 2.329952E+00  0.000000E+00
	 2.682696E+00  0.000000E+00
	 3.088844E+00  0.000000E+00
	 3.556480E+00  0.000000E+00
	 4.094915E+00  0.000000E+00
	 4.714866E+00  0.000000E+00
	 5.428675E+00  0.000000E+00
	 6.250552E+00  0.000000E+00
	 7.196857E+00  0.000000E+00
	 8.286428E+00  0.000000E+00
	 9.540955E+00  0.000000E+00
	 1.098541E+01  0.000000E+00
	 1.264855E+01  0.000000E+00
	 1.456348E+01  6.980803E-19
	 1.676833E+01  1.069754E-17
	 1.930698E+01  6.919707E-17
	 2.222996E+01  2.345191E-16
	 2.559548E+01  4.954460E-16
	 2.947052E+01  7.486765E-16
	 3.393222E+01  9.006951E-16
	 3.906940E+01  9.360066E-16
	 4.498433E+01  8.926399E-16
	 5.179475E+01  8.158016E-16
	 5.963623E+01  7.359157E-16
	 6.866488E+01  6.676011E-16
	 7.906043E+01  6.153796E-16
	 9.102982E+01  5.787731E-16
	 1.048113E+02  5.552711E-16
	 1.206793E+02  5.417007E-16
	 1.389495E+02  5.347524E-16
	 1.599859E+02  5.311719E-16
	 1.842070E+02  5.278877E-16
	 2.120951E+02  5.221857E-16
	 2.442053E+02  5.119360E-16
	 2.811769E+02  4.958135E-16
	 3.237458E+02  4.734314E-16
	 3.727594E+02  4.453245E-16
	 4.291934E+02  4.127718E-16
	 4.941713E+02  3.775014E-16
	 5.689866E+02  3.413612E-16
	 6.551286E+02  3.060328E-16
	 7.543120E+02  2.728433E-16
	 8.685114E+02  2.426877E-16
	 1.000000E+03  2.160425E-16
end

begin	e-	H-	=>	e-	H	e-		// hydhel
	 0	0
	 1.000000E+00  8.144927E-18
	 1.151395E+00  2.091704E-17
	 1.325711E+00  4.426518E-17
	 1.526418E+00  8.055036E-17
	 1.757511E+00  1.305268E-16
	 2.023590E+00  1.937579E-16
	 2.329952E+00  2.694980E-16
	 2.682696E+00  3.574862E-16
	 3.088844E+00  4.583792E-16
	 3.556480E+00  5.738242E-16
	 4.094915E+00  7.062825E-16
	 4.714866E+00  8.587031E-16
	 5.428675E+00  1.034091E-15
	 6.250552E+00  1.234974E-15
	 7.196857E+00  1.462777E-15
	 8.286428E+00  1.717103E-15
	 9.540955E+00  1.995023E-15
	 1.098541E+01  2.290463E-15
	 1.264855E+01  2.593893E-15
	 1.456348E+01  2.892472E-15
	 1.676833E+01  3.170799E-15
	 1.930698E+01  3.412286E-15
	 2.222996E+01  3.601013E-15
	 2.559548E+01  3.723768E-15
	 2.947052E+01  3.771881E-15
	 3.393222E+01  3.742451E-15
	 3.906940E+01  3.638701E-15
	 4.498433E+01  3.469398E-15
	 5.179475E+01  3.247492E-15
	 5.963623E+01  2.988300E-15
	 6.866488E+01  2.707610E-15
	 7.906043E+01  2.420049E-15
	 9.102982E+01  2.137927E-15
	 1.048113E+02  1.870627E-15
	 1.206793E+02  1.624502E-15
	 1.389495E+02  1.403134E-15
	 1.599859E+02  1.207826E-15
	 1.842070E+02  1.038171E-15
	 2.120951E+02  8.926063E-16
	 2.442053E+02  7.688876E-16
	 2.811769E+02  6.644578E-16
	 3.237458E+02  5.767091E-16
	 3.727594E+02  5.031529E-16
	 4.291934E+02  4.415162E-16
	 4.941713E+02  3.897854E-16
	 5.689866E+02  3.462153E-16
	 6.551286E+02  3.093165E-16
	 7.543120E+02  2.778330E-16
	 8.685114E+02  2.507145E-16
	 1.000000E+03  2.270899E-16
end

begin	e-	H-	=>	e-	H+	e-	e-	// hydhel
	 0	0
	 1.000000E+00  0.000000E+00
	 1.151395E+00  0.000000E+00
	 1.325711E+00  0.000000E+00
	 1.526418E+00  0.000000E+00
	 1.757511E+00  0.000000E+00
	 2.023590E+00  0.000000E+00
	 2.329952E+00  0.000000E+00
	 2.682696E+00  0.000000E+00
	 3.088844E+00  0.000000E+00
	 3.556480E+00  0.000000E+00
	 4.094915E+00  0.000000E+00
	 4.714866E+00  0.000000E+00
	 5.428675E+00  0.000000E+00
	 6.250552E+00  0.000000E+00
	 7.196857E+00  0.000000E+00
	 8.286428E+00  0.000000E+00
	 9.540955E+00  0.000000E+00
	 1.098541E+01  0.000000E+00
	 1.264855E+01  0.000000E+00
	 1.456348E+01  3.592678E-20
	 1.676833E+01  3.568387E-19
	 1.930698E+01  1.919525E-18
	 2.222996E+01  6.405221E-18
	 2.559548E+01  1.481576E-17
	 2.947052E+01  2.598917E-17
	 3.393222E+01  3.714750E-17
	 3.906940E+01  4.578268E-17
	 4.498433E+01  5.083101E-17
	 5.179475E+01  5.255853E-17
	 5.963623E+01  5.187071E-17
	 6.866488E+01  4.973008E-17
	 7.906043E+01  4.688074E-17
	 9.102982E+01  4.379806E-17
	 1.048113E+02  4.073912E-17
	 1.206793E+02  3.781494E-17
	 1.389495E+02  3.505194E-17
	 1.599859E+02  3.243529E-17
	 1.842070E+02  2.993652E-17
	 2.120951E+02  2.752949E-17
	 2.442053E+02  2.519839E-17
	 2.811769E+02  2.294012E-17
	 3.237458E+02  2.076306E-17
	 3.727594E+02  1.868363E-17
	 4.291934E+02  1.672191E-17
	 4.941713E+02  1.489739E-17
	 5.689866E+02  1.322567E-17
	 6.551286E+02  1.171643E-17
	 7.543120E+02  1.037274E-17
	 8.685114E+02  9.191465E-18
	 1.000000E+03  8.164305E-18
end

begin	e-	He	=>	e-	He+	e-		// hydhel
	 0	0
	 1.000000E+00  0.000000E+00
	 1.151395E+00  0.000000E+00
	 1.325711E+00  0.000000E+00
	 1.526418E+00  0.000000E+00
	 1.757511E+00  0.000000E+00
	 2.023590E+00  0.000000E+00
	 2.329952E+00  0.000000E+00
	 2.682696E+00  0.000000E+00
	 3.088844E+00  0.000000E+00
	 3.556480E+00  0.000000E+00
	 4.094915E+00  0.000000E+00
	 4.714866E+00  0.000000E+00
	 5.428675E+00  0.000000E+00
	 6.250552E+00  0.000000E+00
	 7.196857E+00  0.000000E+00
	 8.286428E+00  0.000000E+00
	 9.540955E+00  0.000000E+00
	 1.098541E+01  0.000000E+00
	 1.264855E+01  0.000000E+00
	 1.456348E+01  0.000000E+00
	 1.676833E+01  0.000000E+00
	 1.930698E+01  0.000000E+00
	 2.222996E+01  0.000000E+00
	 2.559548E+01  4.616364E-19
	 2.947052E+01  2.578920E-18
	 3.393222E+01  8.116560E-18
	 3.906940E+01  1.682026E-17
	 4.498433E+01  2.593940E-17
	 5.179475E+01  3.270962E-17
	 5.963623E+01  3.620613E-17
	 6.866488E+01  3.705153E-17
	 7.906043E+01  3.635849E-17
	 9.102982E+01  3.505604E-17
	 1.048113E+02  3.371138E-17
	 1.206793E+02  3.258942E-17
	 1.389495E+02  3.175950E-17
	 1.599859E+02  3.117888E-17
	 1.842070E+02  3.074552E-17
	 2.120951E+02  3.033098E-17
	 2.442053E+02  2.980403E-17
	 2.811769E+02  2.905070E-17
	 3.237458E+02  2.799158E-17
	 3.727594E+02  2.659392E-17
	 4.291934E+02  2.487541E-17
	 4.941713E+02  2.289834E-17
	 5.689866E+02  2.075548E-17
	 6.551286E+02  1.855191E-17
	 7.543120E+02  1.638745E-17
	 8.685114E+02  1.434371E-17
	 1.000000E+03  1.247750E-17
end

begin	e-	He	=>	e-	He(1s2s)		// hydhel
	 0	0.000000E+00
	 1.000000E+00	0.000000E+00
	 1.151395E+00	 0.000000E+00
	 1.325711E+00	 0.000000E+00
	 1.526418E+00	 0.000000E+00
	 1.757511E+00	 0.000000E+00
	 2.023590E+00	 0.000000E+00
	 2.329952E+00	 0.000000E+00
	 2.682696E+00	 0.000000E+00
	 3.088844E+00	 0.000000E+00
	 3.556480E+00	 0.000000E+00
	 4.094915E+00	 0.000000E+00
	 4.714866E+00	 0.000000E+00
	 5.428675E+00	 0.000000E+00
	 6.250552E+00	 0.000000E+00
	 7.196857E+00	 0.000000E+00
	 8.286428E+00	 0.000000E+00
	 9.540955E+00	 0.000000E+00
	 1.098541E+01	 0.000000E+00
	 1.264855E+01	 0.000000E+00
	 1.456348E+01	 0.000000E+00
	 1.676833E+01	 0.000000E+00
	 1.930698E+01	 0.000000E+00
	 2.222996E+01	 5.763362E-19
	 2.559548E+01	 1.992135E-18
	 2.947052E+01	 3.076785E-18
	 3.393222E+01	 3.205335E-18
	 3.906940E+01	 2.869423E-18
	 4.498433E+01	 2.504661E-18
	 5.179475E+01	 2.245811E-18
	 5.963623E+01	 2.086602E-18
	 6.866488E+01	 1.983314E-18
	 7.906043E+01	 1.891168E-18
	 9.102982E+01	 1.777854E-18
	 1.048113E+02	 1.630129E-18
	 1.206793E+02	 1.453701E-18
	 1.389495E+02	 1.266027E-18
	 1.599859E+02	 1.086306E-18
	 1.842070E+02	 9.282135E-19
	 2.120951E+02	 7.976352E-19
	 2.442053E+02	 6.940031E-19
	 2.811769E+02	 6.128239E-19
	 3.237458E+02	 5.478699E-19
	 3.727594E+02	 4.927108E-19
	 4.291934E+02	 4.418518E-19
	 4.941713E+02	 3.917069E-19
	 5.689866E+02	 3.412574E-19
	 6.551286E+02	 2.919791E-19
	 7.543120E+02	 2.468453E-19
	 8.685114E+02	 2.088344E-19
	 1.000000E+03	 1.796989E-19
end

begin	e-	He(1s2s)	=>	e-	He+	e-	// hydhel
	 0	0
	 1.000000E+00	 0.000000E+00
	 1.151395E+00	 0.000000E+00
	 1.325711E+00	 0.000000E+00
	 1.526418E+00	 0.000000E+00
	 1.757511E+00	 0.000000E+00
	 2.023590E+00	 0.000000E+00
	 2.329952E+00	 0.000000E+00
	 2.682696E+00	 0.000000E+00
	 3.088844E+00	 0.000000E+00
	 3.556480E+00	 0.000000E+00
	 4.094915E+00	 2.920492E-18
	 4.714866E+00	 2.620152E-17
	 5.428675E+00	 1.221686E-16
	 6.250552E+00	 3.437899E-16
	 7.196857E+00	 6.604309E-16
	 8.286428E+00	 9.574837E-16
	 9.540955E+00	 1.135548E-15
	 1.098541E+01	 1.174121E-15
	 1.264855E+01	 1.111961E-15
	 1.456348E+01	 1.001231E-15
	 1.676833E+01	 8.808332E-16
	 1.930698E+01	 7.716937E-16
	 2.222996E+01	 6.816869E-16
	 2.559548E+01	 6.115500E-16
	 2.947052E+01	 5.589182E-16
	 3.393222E+01	 5.204601E-16
	 3.906940E+01	 4.928052E-16
	 4.498433E+01	 4.728552E-16
	 5.179475E+01	 4.578423E-16
	 5.963623E+01	 4.453215E-16
	 6.866488E+01	 4.331803E-16
	 7.906043E+01	 4.196884E-16
	 9.102982E+01	 4.035746E-16
	 1.048113E+02	 3.840995E-16
	 1.206793E+02	 3.610882E-16
	 1.389495E+02	 3.348971E-16
	 1.599859E+02	 3.063096E-16
	 1.842070E+02	 2.763775E-16
	 2.120951E+02	 2.462421E-16
	 2.442053E+02	 2.169712E-16
	 2.811769E+02	 1.894394E-16
	 3.237458E+02	 1.642657E-16
	 3.727594E+02	 1.418033E-16
	 4.291934E+02	 1.221694E-16
	 4.941713E+02	 1.052969E-16
	 5.689866E+02	 9.099255E-17
	 6.551286E+02	 7.898937E-17
	 7.543120E+02	 6.898921E-17
	 8.685114E+02	 6.069242E-17
	 1.000000E+03	 5.381642E-17
end

begin	e-	Ar	=>	e-	e-	Ar+	// Phelp
	    0.0000	   0.0000E-16
	   15.8000	   0.0000E-16
	   16.0000	   0.0202E-16
	   17.0000	   0.1340E-16
	   18.0000	   0.2940E-16
	   20.0000	   0.6300E-16
	   22.0000	   0.9300E-16
	   23.7500	   1.1500E-16
	   25.0000	   1.3000E-16
	   26.5000	   1.4500E-16
	   30.0000	   1.8000E-16
	   32.5000	   1.9900E-16
	   35.0000	   2.1700E-16
	   37.5000	   2.3100E-16
	   40.0000	   2.3900E-16
	   50.0000	   2.5300E-16
	   55.0000	   2.6000E-16
	  100.0000	   2.8500E-16
	  150.0000	   2.5200E-16
	  200.0000	   2.3900E-16
	  300.0000	   2.0000E-16
	  500.0000	   1.4500E-16
	  700.0000	   1.1500E-16
	 1000.0000	   0.8600E-16
	 1500.0000	   0.6400E-16
	 2000.0000	   0.5200E-16
	 3000.0000	   0.3600E-16
	 5000.0000	   0.2400E-16
	 7000.0000	   0.1800E-16
	10000.0000	   0.1350E-16
end

begin	e-	H+	=>	H	// Stevefelt's analytical formula
	koef	Stevefelt
begin	e-	Ar+	=>	Ar	// Stevefelt's analytical formula
	koef	Stevefelt
begin	e-	He+	=>	He	// Stevefelt's analytical formula
	koef	Stevefelt


begin	H2+	H2	=>	H3+	H			// souhrn KFPP 300K, KIDA pro 77 K
	koef	2e-09
begin	H-	H	=>	H2	e-			//    - 1.3e-9 KIDA 
	koef	1.250989258568e-09

begin	H	H	H	=>	H	H2		//
	koef	4.7402597e-32

begin	H+	H-	=>	H2+	e-			//  - 4.54e-7 KIDA
	koef	3.07651346263e-09
begin	H+	H-	=>	H	H			// KIDA, srovnej Talk-Urbain
	koef	4.54e-7	
begin	He+	H2	=>	H+	H	He		// souhrn KFPP 78K
	koef	1.5e-13
begin	ArH+	H2	=>	H3+	Ar			// souhrn KFPP 80K
	koef	9.5e-10
begin	Ar+	H2	=>	ArH+	H			// souhrn KFPP 80K
	koef	6.696e-10
begin	Ar+	H2	=>	H2+	Ar			// souhrn KFPP 80K
	koef	0.504e-10
begin	Ar	H2+	=>	ArH+	H			// souhrn KFPP 80K
	koef	1.24e-9
begin	He+	H2	=>	H2+	He			// souhrn KFPP 78K
	koef	0.255e-13
begin	He+	He	He	=>	He2+	He		//
	koef	1e-31
begin	He2+	Ar	=>	Ar+	He	He		//
	koef	2e-10
begin	H+	H2	He	=>	H3+	He		//
	koef	3e-29
begin	H+	H2	H2	=>	H3+	H2		//
	koef	3e-29
begin	H+	He	He	=>	HeH+	He		//
	koef	9e-32
begin	HeH+	H2	=>	H3+	He			// souhrn KFPP 296 K,  KIDA 1.8e-9
	koef	1.5e-9
begin	H2+	He	=>	HeH+	H			//	souhrn KFPP pro 298 K
	koef	1.3e-10
begin	H-	H3+	=>	H2	H2			// KIDA
	koef	4.54e-7
begin	H-	He+	=>	H	He			// KIDA
	koef	4.54e-7
begin	H-	He2+	=>	H	He	He		// KIDA
	koef	4.54e-7
begin	He(1s2s)	He(1s2s)	=>	He2+	e-	// Table A1, Petr
	koef	5e-9
begin	He(1s2s)	Ar	=>	Ar+	He	e-	// Table A1, Petr
	koef	7e-11
begin	He(1s2s)	H2	=>	H2+	He	e-	// Table A1, Petr
	koef	2.86e-11
begin	He(1s2s)	H2	=>	HeH+	H	e-	// Table A1, Petr
	koef	3.2e-12
begin	He(1s2s)	He(1s2s)	=>	He+	He	e-	// Petr
	koef	5e-9
begin	HeH+	H	=>	He	H2+			// KIDA
	koef	9.00e-10
begin	H2+	H	=>	H2	H+			// KIDA, odpovídá KFPP 298 K
	koef	6.40e-10
begin	H2+	H-	=>	H2	H			// KIDA
	koef	4.54e-7
begin	He+	H	=>	He	H+			// KIDA
	koef	1.90e-15
begin	H2wall H2wall	=> H2	//
	koef	0.9e-5
begin	H2wall H2wall	=> H2(v=1)	//
	koef	0.1e-5
begin	H2wall H2wall	=> H2(v=2)	//
	koef	0.01e-5
begin	H2wall H2wall	=> H2(v=3)	//
	koef	0.001e-5
begin	H+	=>	H+wall	//
	koef	ambi_dif
begin	H2+	=>	H2+wall	//
	koef	ambi_dif
begin	He+	=>	He+wall	//
	koef	ambi_dif
begin	He2+	=>	He2+wall	//
	koef	ambi_dif
begin	ArH+	=>	ArH+wall	//
	koef	ambi_dif
begin	HeH+	=>	HeH+wall	//
	koef	ambi_dif
begin	Ar+	=>	Ar+wall	//
	koef	ambi_dif
begin	H3+	=>	H3+wall //
	koef	ambi_dif
begin	H+wall	e-	=>	H	//
	koef	1e-4
begin	H2+wall	e-	=>	H2	//
	koef	1e-4
begin	He+wall	e-	=>	He	//
	koef	1e-4
begin	He2+wall	e-	=>	He	He	//
	koef	1e-4
begin	ArH+wall	e-	=>	Ar	H	//
	koef	1e-4
begin	HeH+wall	e-	=>	He	H	//
	koef	1e-4
begin	Ar+wall	e-	=>	Ar	//
	koef	1e-4
begin	H3+wall	e-	=>	H2	H	//
	koef	1e0


begin	e-	H2	=>	H	H-			// Celiberto, Janev, CS data
0.00E+000	0.00E+000
1.25E-001	0.00E+000
2.50E-001	0.00E+000
3.75E-001	0.00E+000
5.00E-001	0.00E+000
6.25E-001	0.00E+000
7.50E-001	0.00E+000
8.75E-001	0.00E+000
1.00E+000	0.00E+000
1.13E+000	0.00E+000
1.25E+000	0.00E+000
1.38E+000	0.00E+000
1.50E+000	0.00E+000
1.63E+000	0.00E+000
1.75E+000	0.00E+000
1.88E+000	0.00E+000
2.00E+000	0.00E+000
2.13E+000	0.00E+000
2.25E+000	0.00E+000
2.38E+000	0.00E+000
2.50E+000	0.00E+000
2.63E+000	0.00E+000
2.75E+000	0.00E+000
2.88E+000	0.00E+000
3.00E+000	0.00E+000
3.13E+000	0.00E+000
3.25E+000	0.00E+000
3.38E+000	0.00E+000
3.50E+000	0.00E+000
3.63E+000	0.00E+000
3.73E+000	1.65E-021
3.75E+000	1.58E-021
3.88E+000	1.20E-021
4.00E+000	9.06E-022
4.13E+000	6.86E-022
4.25E+000	5.20E-022
4.38E+000	3.94E-022
4.50E+000	2.98E-022
4.63E+000	2.26E-022
4.75E+000	1.71E-022
4.88E+000	1.30E-022
5.00E+000	9.81E-023
5.13E+000	7.43E-023
5.25E+000	5.63E-023
5.38E+000	4.26E-023
5.50E+000	3.23E-023
5.63E+000	2.45E-023
5.75E+000	1.85E-023
5.88E+000	1.40E-023
6.00E+000	1.06E-023
6.13E+000	8.06E-024
6.25E+000	6.10E-024
6.38E+000	4.62E-024
6.50E+000	3.50E-024
6.63E+000	2.65E-024
6.75E+000	2.01E-024
6.88E+000	1.52E-024
7.00E+000	1.15E-024
7.13E+000	8.73E-025
7.25E+000	6.61E-025
7.38E+000	5.01E-025
7.50E+000	3.79E-025
7.63E+000	2.87E-025
7.75E+000	2.18E-025
7.88E+000	1.65E-025
8.00E+000	1.25E-025
8.13E+000	9.46E-026
8.25E+000	7.17E-026
8.38E+000	5.43E-026
8.50E+000	4.11E-026
8.63E+000	3.11E-026
8.75E+000	2.36E-026
8.88E+000	1.79E-026
9.00E+000	1.35E-026
9.13E+000	1.03E-026
9.25E+000	7.76E-027
9.38E+000	5.88E-027
9.50E+000	4.46E-027
9.63E+000	3.37E-027
9.75E+000	2.56E-027
9.88E+000	1.94E-027
1.00E+001	1.47E-027
1.01E+001	1.12E-027
1.03E+001	8.41E-028
1.04E+001	6.30E-028
1.05E+001	4.83E-028
1.06E+001	3.70E-028
1.08E+001	2.77E-028
1.09E+001	2.08E-028
1.10E+001	1.59E-028
1.11E+001	1.22E-028
1.13E+001	9.12E-029
1.14E+001	6.83E-029
1.15E+001	5.23E-029
1.16E+001	4.01E-029
1.18E+001	3.00E-029
1.19E+001	2.25E-029
1.20E+001	1.72E-029
1.21E+001	1.32E-029
1.23E+001	9.88E-030
1.24E+001	7.40E-030
1.25E+001	5.67E-030
1.26E+001	4.34E-030
1.28E+001	3.25E-030
1.29E+001	2.44E-030
1.30E+001	1.87E-030
1.31E+001	1.43E-030
1.33E+001	1.07E-030
1.34E+001	8.02E-031
1.35E+001	6.14E-031
1.36E+001	4.71E-031
1.38E+001	3.53E-031
1.39E+001	2.64E-031
1.40E+001	2.02E-031
1.41E+001	1.55E-031
1.43E+001	1.16E-031
1.44E+001	8.69E-032
1.45E+001	6.66E-032
1.46E+001	5.10E-032
1.48E+001	3.82E-032
1.49E+001	2.86E-032
1.50E+001	2.19E-032
1.51E+001	1.68E-032
1.53E+001	1.26E-032
1.54E+001	9.42E-033
1.55E+001	7.22E-033
1.56E+001	5.53E-033
1.58E+001	4.14E-033
1.59E+001	3.10E-033
1.60E+001	2.38E-033
1.61E+001	1.82E-033
1.63E+001	1.36E-033
1.64E+001	1.02E-033
1.65E+001	7.82E-034
1.66E+001	5.99E-034
1.68E+001	4.49E-034
1.69E+001	3.36E-034
1.70E+001	2.57E-034
1.71E+001	1.97E-034
1.73E+001	1.48E-034
1.74E+001	1.11E-034
1.75E+001	8.47E-035
1.76E+001	6.49E-035
1.78E+001	4.86E-035
1.79E+001	3.64E-035
1.80E+001	2.79E-035
1.81E+001	2.14E-035
1.83E+001	1.60E-035
1.84E+001	1.20E-035
1.85E+001	9.18E-036
1.86E+001	7.03E-036
1.88E+001	5.27E-036
1.89E+001	3.95E-036
1.90E+001	3.02E-036
1.91E+001	2.32E-036
1.93E+001	1.73E-036
1.94E+001	1.30E-036
1.95E+001	9.95E-037
1.96E+001	7.62E-037
1.98E+001	5.71E-037
1.99E+001	4.28E-037
2.00E+001	3.28E-037
2.01E+001	2.51E-037
2.03E+001	1.88E-037
2.04E+001	1.41E-037
2.05E+001	1.08E-037
2.06E+001	8.26E-038
2.08E+001	6.19E-038
2.09E+001	4.63E-038
2.10E+001	3.55E-038
2.11E+001	2.72E-038
2.13E+001	2.04E-038
2.14E+001	1.53E-038
2.15E+001	1.17E-038
2.16E+001	8.95E-039
2.18E+001	6.71E-039
2.19E+001	5.02E-039
2.20E+001	3.85E-039
2.21E+001	2.95E-039
2.23E+001	2.21E-039
2.24E+001	1.65E-039
2.25E+001	1.27E-039
2.26E+001	9.70E-040
2.28E+001	7.27E-040
2.29E+001	5.44E-040
2.30E+001	4.17E-040
2.31E+001	3.19E-040
2.33E+001	2.39E-040
2.34E+001	1.79E-040
2.35E+001	1.37E-040
2.36E+001	1.05E-040
2.38E+001	7.87E-041
2.39E+001	5.90E-041
2.40E+001	4.52E-041
2.41E+001	3.46E-041
2.43E+001	2.59E-041
2.44E+001	1.94E-041
2.45E+001	1.49E-041
2.46E+001	1.14E-041
2.48E+001	8.53E-042
2.49E+001	6.39E-042
2.50E+001	4.90E-042
end


begin	e-	H3+	=>	H	H2	// hydhel, ~30%
	koef	0.5399e-08

begin	e-	H3+	=>	e-	H2+	H		//
	koef	2.49719813561e-09
begin	e-	H	=>	H-				// ?  uprava 11 -> 13
	koef	9.80532939074e-13
begin	H	=>	H2wall		// difuze na stenu (atomic radii)
	koef	difuze
begin	H2(v=1)	=>	H2				// difuze na stenu (atomic radii)
	koef	difuze
begin	H2(v=2)	=>	H2				// difuze na stenu (atomic radii)
	koef	difuze
begin	He(1s2s)	=>	He				// difuze na stenu (atomic radii)
	koef	difuze


begin	H2(v=3)	=>	H2				// difuze na stenu (atomic radii)
	koef	difuze
