0.000000000000000000e+00 0.000000000000000000e+00
1.250000000000000000e-01 9.588367952889584322e-02
2.500000000000000000e-01 1.337500000000000078e-01
3.750000000000000000e-01 1.624624071900942490e-01
5.000000000000000000e-01 1.857569514177060399e-01
6.250000000000000000e-01 2.050737062619194251e-01
7.500000000000000000e-01 2.211828881265456292e-01
8.750000000000000000e-01 2.345083767160567600e-01
1.000000000000000000e+00 2.452999999999999903e-01
1.125000000000000000e+00 2.537099130897332300e-01
1.250000000000000000e+00 2.599429023843505826e-01
1.375000000000000000e+00 2.641876676720547046e-01
1.500000000000000000e+00 2.663820095276706046e-01
1.625000000000000000e+00 2.668061960487424500e-01
1.750000000000000000e+00 2.656334316308849308e-01
1.875000000000000000e+00 2.629068276024797424e-01
2.000000000000000000e+00 2.588010819142764207e-01
2.125000000000000000e+00 2.536464074257705481e-01
2.250000000000000000e+00 2.473499999999999865e-01
2.375000000000000000e+00 2.401039254156416003e-01
2.500000000000000000e+00 2.321111802563590731e-01
2.625000000000000000e+00 2.235855540950711928e-01
2.750000000000000000e+00 2.145856239359943407e-01
2.875000000000000000e+00 2.051654819895393500e-01
3.000000000000000000e+00 1.955485361745262496e-01
3.125000000000000000e+00 1.859690834520620062e-01
3.250000000000000000e+00 1.761311798064158496e-01
3.375000000000000000e+00 1.664244568490460818e-01
3.500000000000000000e+00 1.568689859404974740e-01
3.625000000000000000e+00 1.474984856278192535e-01
3.750000000000000000e+00 1.384010598767220490e-01
3.875000000000000000e+00 1.295864845865493942e-01
4.000000000000000000e+00 1.210799999999999932e-01
4.125000000000000000e+00 1.129038237284282625e-01
4.250000000000000000e+00 1.050567313407379938e-01
4.375000000000000000e+00 9.753364259320985996e-02
4.500000000000000000e+00 9.036824663564076154e-02
4.625000000000000000e+00 8.357158996931911277e-02
4.750000000000000000e+00 7.719610029010533225e-02
4.875000000000000000e+00 7.120607198476827659e-02
5.000000000000000000e+00 6.558387378006882984e-02
5.125000000000000000e+00 6.033150348284053999e-02
5.250000000000000000e+00 5.542625303049088237e-02
5.375000000000000000e+00 5.084261340155520059e-02
5.500000000000000000e+00 4.657582849504665612e-02
5.625000000000000000e+00 4.264331424737059784e-02
5.750000000000000000e+00 3.899011028453240602e-02
5.875000000000000000e+00 3.560620855272293717e-02
6.000000000000000000e+00 3.248023398930493383e-02
6.125000000000000000e+00 2.959948986046887984e-02
6.250000000000000000e+00 2.694999999999999826e-02
6.375000000000000000e+00 2.452917261904689547e-02
6.500000000000000000e+00 2.230311135245484008e-02
6.625000000000000000e+00 2.026437402499766532e-02
6.750000000000000000e+00 1.839957572880418502e-02
6.875000000000000000e+00 1.669441484074838875e-02
7.000000000000000000e+00 1.513898900191158747e-02
7.125000000000000000e+00 1.372271482342324149e-02
7.250000000000000000e+00 1.243165295727000075e-02
7.375000000000000000e+00 1.125927197912902390e-02
7.500000000000000000e+00 1.019311679517114107e-02
7.625000000000000000e+00 9.222876449351363054e-03
7.750000000000000000e+00 8.346078779882202051e-03
7.875000000000000000e+00 7.548793777816427408e-03
8.000000000000000000e+00 6.824994652012557686e-03
8.125000000000000000e+00 6.171199488349083870e-03
8.250000000000000000e+00 5.575098048465156921e-03
8.375000000000000000e+00 5.038383011939445537e-03
8.500000000000000000e+00 4.553973429874179878e-03
8.625000000000000000e+00 4.111569043564755783e-03
8.750000000000000000e+00 3.715298103786558899e-03
8.875000000000000000e+00 3.354459643519355164e-03
9.000000000000000000e+00 3.030000000000000141e-03
9.125000000000000000e+00 2.735299532272470954e-03
9.250000000000000000e+00 2.469905725427591799e-03
9.375000000000000000e+00 2.230260410804083861e-03
9.500000000000000000e+00 2.013914054769964500e-03
9.625000000000000000e+00 1.818637672819960237e-03
9.750000000000000000e+00 1.642434473578778748e-03
9.875000000000000000e+00 1.483551245744480591e-03
1.000000000000000000e+01 1.340489500145376116e-03
1.011999999999999922e+01 1.210762719611072112e-03
1.025000000000000000e+01 1.093973775965402214e-03
1.038000000000000078e+01 9.884484666384989529e-04
1.050000000000000000e+01 8.927220312056826593e-04
1.061999999999999922e+01 8.059096846421439199e-04
1.075000000000000000e+01 7.282035481237371204e-04
1.088000000000000078e+01 6.577178093985292569e-04
1.100000000000000000e+01 5.940074999526521061e-04
1.111999999999999922e+01 5.362143571371434528e-04
1.125000000000000000e+01 4.843323239264545315e-04
1.138000000000000078e+01 4.375332949616520949e-04
1.150000000000000000e+01 3.954098380162031378e-04
1.161999999999999922e+01 3.569026278973019481e-04
1.175000000000000000e+01 3.225585489488690789e-04
1.188000000000000078e+01 2.915250651865118939e-04
1.200000000000000000e+01 2.634102868150748375e-04
1.211999999999999922e+01 2.380566985572974824e-04
1.225000000000000000e+01 2.152850000000000098e-04
1.238000000000000078e+01 1.946798453410110961e-04
1.250000000000000000e+01 1.760342331763910262e-04
1.261999999999999922e+01 1.592214335069245569e-04
1.275000000000000000e+01 1.440783185458520074e-04
1.288000000000000078e+01 1.304195971777248044e-04
1.300000000000000000e+01 1.180096932459363655e-04
1.311999999999999922e+01 1.068535446300215033e-04
1.325000000000000000e+01 9.678906097798448680e-05
1.338000000000000078e+01 8.767910151227600066e-05
1.350000000000000000e+01 7.943695235845846887e-05
1.361999999999999922e+01 7.200220942443363869e-05
1.375000000000000000e+01 6.529962767887731152e-05
1.388000000000000078e+01 5.927409238444735710e-05
1.400000000000000000e+01 5.376761664794153296e-05
1.411999999999999922e+01 4.881198840448931509e-05
1.425000000000000000e+01 4.431752813503929867e-05
1.438000000000000078e+01 4.027207061972353939e-05
1.450000000000000000e+01 3.660521343333487503e-05
1.461999999999999922e+01 3.328070891552641991e-05
1.475000000000000000e+01 3.028291711097198620e-05
1.488000000000000078e+01 2.756541133522226282e-05
1.500000000000000000e+01 2.509305910007785399e-05
1.511999999999999922e+01 2.284849940630675344e-05
1.525000000000000000e+01 2.081431538629123157e-05
1.538000000000000078e+01 1.896550712425059464e-05
1.550000000000000000e+01 1.727163627164490708e-05
1.561999999999999922e+01 1.573376619948319664e-05
1.575000000000000000e+01 1.433864923031454938e-05
1.588000000000000078e+01 1.306672243066332254e-05
1.600000000000000000e+01 1.190399999999999987e-05
1.612000000000000099e+01 1.084443931791773404e-05
1.625000000000000000e+01 9.880296870539871648e-06
1.637999999999999901e+01 9.005067323457387334e-06
1.650000000000000000e+01 8.201216769480002228e-06
1.662000000000000099e+01 7.472707352760445037e-06
1.675000000000000000e+01 6.806120829811942070e-06
1.687999999999999901e+01 6.199768324703754991e-06
1.700000000000000000e+01 5.640408495844959656e-06
1.712000000000000099e+01 5.134801526836261419e-06
1.725000000000000000e+01 4.668322610959958017e-06
1.737999999999999901e+01 4.248142438760733873e-06
1.750000000000000000e+01 3.858257712361889631e-06
1.762000000000000099e+01 3.502492769899746617e-06
1.775000000000000000e+01 3.178343694442122846e-06
1.787999999999999901e+01 2.880859950986858189e-06
1.800000000000000000e+01 2.607951230372224570e-06
1.812000000000000099e+01 2.357818993307162389e-06
1.825000000000000000e+01 2.129165733333128297e-06
1.837999999999999901e+01 1.918946343387432906e-06
1.850000000000000000e+01 1.725626448568750920e-06
1.862000000000000099e+01 1.548254220985688024e-06
1.875000000000000000e+01 1.385640646055102007e-06
1.887999999999999901e+01 1.236184419898584469e-06
1.900000000000000000e+01 1.098006643877895832e-06
1.912000000000000099e+01 9.711638374651315376e-07
1.925000000000000000e+01 8.542427831126230775e-07
1.937999999999999901e+01 7.466253550476302982e-07
1.950000000000000000e+01 6.473680715018312836e-07
1.962000000000000099e+01 5.554526435259805334e-07
1.975000000000000000e+01 4.706298943968604118e-07
1.987999999999999901e+01 3.921871958746230959e-07
2.000000000000000000e+01 3.225751664341196932e-07
2.012000000000000099e+01 2.646015502826844726e-07
2.025000000000000000e+01 2.170350000000000108e-07
2.037999999999999901e+01 1.781842101365887182e-07
2.050000000000000000e+01 1.464255776836820258e-07
2.062000000000000099e+01 1.204253314215908544e-07
2.075000000000000000e+01 9.912151734108997766e-08
2.087999999999999901e+01 8.165631924107282210e-08
2.100000000000000000e+01 6.722638544500216865e-08
2.112000000000000099e+01 5.533162741145429330e-08
2.125000000000000000e+01 4.551689098565497910e-08
2.137999999999999901e+01 3.736996546854170956e-08
2.150000000000000000e+01 3.058439379814483330e-08
2.162000000000000099e+01 2.494580775400949458e-08
2.175000000000000000e+01 2.030570419857434924e-08
2.187999999999999901e+01 1.652598279437564798e-08
2.200000000000000000e+01 1.344742198341377315e-08
2.212000000000000099e+01 1.094902726638307359e-08
2.225000000000000000e+01 8.915112169793490005e-09
2.237999999999999901e+01 7.256971219455125037e-09
2.250000000000000000e+01 5.900810113874196238e-09
2.262000000000000099e+01 4.794097170479547027e-09
2.275000000000000000e+01 3.891118002579721025e-09
2.287999999999999901e+01 3.156024175319321198e-09
2.300000000000000000e+01 2.557616951382673302e-09
2.312000000000000099e+01 2.070946056467913135e-09
2.325000000000000000e+01 1.676066502260575741e-09
2.337999999999999901e+01 1.355814464003094986e-09
2.350000000000000000e+01 1.096545183747573753e-09
2.362000000000000099e+01 8.864715061410603183e-10
2.375000000000000000e+01 7.173640637779396020e-10
2.387999999999999901e+01 5.810306143397265040e-10
2.400000000000000000e+01 4.715267754857617423e-10
2.412000000000000099e+01 3.837129672398367009e-10
2.425000000000000000e+01 3.137353652762149163e-10
2.437999999999999901e+01 2.582864187641308715e-10
2.450000000000000000e+01 2.147695426497900815e-10
2.462000000000000099e+01 1.812565445935677192e-10
2.475000000000000000e+01 1.561632782538840112e-10
2.487999999999999901e+01 1.383168397267664547e-10
2.500000000000000000e+01 1.267999999999999912e-10
