0.000000000000000000e+00 0.000000000000000000e+00
1.250000000000000000e-01 4.992173875177025738e-02
2.500000000000000000e-01 6.975000000000000644e-02
3.750000000000000000e-01 8.499729407457627672e-02
5.000000000000000000e-01 9.758073580374357348e-02
6.250000000000000000e-01 1.083080098607670100e-01
7.500000000000000000e-01 1.176928523743051985e-01
8.750000000000000000e-01 1.259067710649431349e-01
1.000000000000000000e+00 1.330999999999999961e-01
1.125000000000000000e+00 1.394768125890464838e-01
1.250000000000000000e+00 1.448972049419863795e-01
1.375000000000000000e+00 1.496242627383674029e-01
1.500000000000000000e+00 1.537054813596444025e-01
1.625000000000000000e+00 1.570498010186577587e-01
1.750000000000000000e+00 1.596710916227480626e-01
1.875000000000000000e+00 1.618520157427765782e-01
2.000000000000000000e+00 1.633416664540925101e-01
2.125000000000000000e+00 1.642870696372663308e-01
2.250000000000000000e+00 1.648499999999999965e-01
2.375000000000000000e+00 1.648980745794201008e-01
2.500000000000000000e+00 1.644384383287557372e-01
2.625000000000000000e+00 1.636387026347984885e-01
2.750000000000000000e+00 1.624980316034627947e-01
2.875000000000000000e+00 1.609955579744360710e-01
3.000000000000000000e+00 1.591581487075041379e-01
3.125000000000000000e+00 1.570660937710618710e-01
3.250000000000000000e+00 1.547142052301597737e-01
3.375000000000000000e+00 1.521500553729771277e-01
3.500000000000000000e+00 1.493856711669496184e-01
3.625000000000000000e+00 1.464893956912922679e-01
3.750000000000000000e+00 1.434359382267916816e-01
3.875000000000000000e+00 1.402557652558353851e-01
4.000000000000000000e+00 1.370000000000000107e-01
4.125000000000000000e+00 1.336404317562615574e-01
4.250000000000000000e+00 1.301870601288776241e-01
4.375000000000000000e+00 1.266912445179223801e-01
4.500000000000000000e+00 1.231214327402016528e-01
4.625000000000000000e+00 1.195293095855572973e-01
4.750000000000000000e+00 1.159467118981819256e-01
4.875000000000000000e+00 1.123620776218560435e-01
5.000000000000000000e+00 1.088294284649147653e-01
5.125000000000000000e+00 1.052914906936928269e-01
5.250000000000000000e+00 1.018019190634439769e-01
5.375000000000000000e+00 9.834672414473194513e-02
5.500000000000000000e+00 9.493401497882622553e-02
5.625000000000000000e+00 9.157165534432584741e-02
5.750000000000000000e+00 8.826727918657059635e-02
5.875000000000000000e+00 8.500406629979533057e-02
6.000000000000000000e+00 8.183745230638597712e-02
6.125000000000000000e+00 7.872573348340426713e-02
6.250000000000000000e+00 7.570000000000000340e-02
6.375000000000000000e+00 7.274168431855286554e-02
6.500000000000000000e+00 6.988206243378911053e-02
6.625000000000000000e+00 6.707603036853031220e-02
6.750000000000000000e+00 6.438032851733517525e-02
6.875000000000000000e+00 6.174862093601767715e-02
7.000000000000000000e+00 5.918545682851489992e-02
7.125000000000000000e+00 5.672197821391634226e-02
7.250000000000000000e+00 5.433631290398713981e-02
7.375000000000000000e+00 5.203271855284902908e-02
7.500000000000000000e+00 4.981536660509486292e-02
7.625000000000000000e+00 4.766073278916303779e-02
7.750000000000000000e+00 4.559999013157787356e-02
7.875000000000000000e+00 4.360901684285029001e-02
8.000000000000000000e+00 4.169101581875884338e-02
8.125000000000000000e+00 3.984913110721487184e-02
8.250000000000000000e+00 3.808645034654712519e-02
8.375000000000000000e+00 3.640600705927525549e-02
8.500000000000000000e+00 3.475247329327799117e-02
8.625000000000000000e+00 3.318623585162980977e-02
8.750000000000000000e+00 3.168060723849844967e-02
8.875000000000000000e+00 3.023780229282544557e-02
9.000000000000000000e+00 2.886899999999999883e-02
9.125000000000000000e+00 2.754632405830222813e-02
9.250000000000000000e+00 2.628057551215345553e-02
9.375000000000000000e+00 2.506746565520734729e-02
9.500000000000000000e+00 2.390559750351368973e-02
9.625000000000000000e+00 2.279657048768520683e-02
9.750000000000000000e+00 2.173571553342562579e-02
9.875000000000000000e+00 2.072446614209881230e-02
1.000000000000000000e+01 1.975791082073203447e-02
1.011999999999999922e+01 1.882631049568661216e-02
1.025000000000000000e+01 1.794795723752427505e-02
1.038000000000000078e+01 1.710454012185069067e-02
1.050000000000000000e+01 1.628934174544815691e-02
1.061999999999999922e+01 1.551205054143390757e-02
1.075000000000000000e+01 1.477718771451455755e-02
1.088000000000000078e+01 1.407133487910795268e-02
1.100000000000000000e+01 1.339253090345510384e-02
1.111999999999999922e+01 1.274509498120747486e-02
1.125000000000000000e+01 1.213514091389135928e-02
1.138000000000000078e+01 1.154723568738423231e-02
1.150000000000000000e+01 1.098737457266293384e-02
1.161999999999999922e+01 1.044800911657335629e-02
1.175000000000000000e+01 9.940699170581513214e-03
1.188000000000000078e+01 9.457847941260210528e-03
1.200000000000000000e+01 8.996271894512746989e-03
1.211999999999999922e+01 8.553748294169053606e-03
1.225000000000000000e+01 8.137499999999998901e-03
1.238000000000000078e+01 7.737230795316887323e-03
1.250000000000000000e+01 7.357446058246027050e-03
1.261999999999999922e+01 6.994801485388986960e-03
1.275000000000000000e+01 6.652240581187665071e-03
1.288000000000000078e+01 6.323591915992048638e-03
1.300000000000000000e+01 6.010453976198469953e-03
1.311999999999999922e+01 5.712136945137081916e-03
1.325000000000000000e+01 5.430961977403266604e-03
1.338000000000000078e+01 5.161252074836105048e-03
1.350000000000000000e+01 4.905103209923314042e-03
1.361999999999999922e+01 4.661137391238323081e-03
1.375000000000000000e+01 4.431178596039658628e-03
1.388000000000000078e+01 4.213639125506597229e-03
1.400000000000000000e+01 4.003573403848117128e-03
1.411999999999999922e+01 3.802750751758521459e-03
1.425000000000000000e+01 3.614860727607634855e-03
1.438000000000000078e+01 3.435639922925567882e-03
1.450000000000000000e+01 3.264120353173271139e-03
1.461999999999999922e+01 3.101330767622183064e-03
1.475000000000000000e+01 2.947255623457184937e-03
1.488000000000000078e+01 2.800901927022794204e-03
1.500000000000000000e+01 2.660739558844495492e-03
1.511999999999999922e+01 2.527488872379065298e-03
1.525000000000000000e+01 2.400870750373705273e-03
1.538000000000000078e+01 2.280096327965114821e-03
1.550000000000000000e+01 2.164171064172146219e-03
1.561999999999999922e+01 2.053570690090798963e-03
1.575000000000000000e+01 1.948595840599071051e-03
1.588000000000000078e+01 1.848628403654990890e-03
1.600000000000000000e+01 1.752400000000000095e-03
1.612000000000000099e+01 1.660592410918465284e-03
1.625000000000000000e+01 1.573752712467876890e-03
1.637999999999999901e+01 1.490591593361508243e-03
1.650000000000000000e+01 1.410739268965034536e-03
1.662000000000000099e+01 1.334732344404675067e-03
1.675000000000000000e+01 1.262181397422731900e-03
1.687999999999999901e+01 1.193116448968834040e-03
1.700000000000000000e+01 1.126844767481306481e-03
1.712000000000000099e+01 1.063785231707979661e-03
1.725000000000000000e+01 1.003440162640503470e-03
1.737999999999999901e+01 9.459308335179692634e-04
1.750000000000000000e+01 8.906245982455234488e-04
1.762000000000000099e+01 8.378446271236689906e-04
1.775000000000000000e+01 7.874236963033307349e-04
1.787999999999999901e+01 7.395602604250718073e-04
1.800000000000000000e+01 6.932474882752911018e-04
1.812000000000000099e+01 6.491557979406792443e-04
1.825000000000000000e+01 6.070514661048106173e-04
1.837999999999999901e+01 5.667665473543758142e-04
1.850000000000000000e+01 5.277526551330651320e-04
1.862000000000000099e+01 4.906257104963008576e-04
1.875000000000000000e+01 4.555293623906147313e-04
1.887999999999999901e+01 4.213889808146387334e-04
1.900000000000000000e+01 3.887701967743927120e-04
1.912000000000000099e+01 3.575072280556017648e-04
1.925000000000000000e+01 3.276571702252218548e-04
1.937999999999999901e+01 2.989583010688949050e-04
1.950000000000000000e+01 2.714000114222547269e-04
1.962000000000000099e+01 2.449041201000914372e-04
1.975000000000000000e+01 2.195828430797816186e-04
1.987999999999999901e+01 1.952018580649272342e-04
2.000000000000000000e+01 1.724455624247837676e-04
2.012000000000000099e+01 1.521492555617673826e-04
2.025000000000000000e+01 1.342349999999999913e-04
2.037999999999999901e+01 1.185035600731049866e-04
2.050000000000000000e+01 1.046349752711778642e-04
2.062000000000000099e+01 9.240782407350580253e-05
2.075000000000000000e+01 8.162948486913292241e-05
2.087999999999999901e+01 7.210613976631947996e-05
2.100000000000000000e+01 6.365197640293661634e-05
2.112000000000000099e+01 5.620480093372807144e-05
2.125000000000000000e+01 4.955505145794927288e-05
2.137999999999999901e+01 4.366765081476218314e-05
2.150000000000000000e+01 3.839741738059996288e-05
2.162000000000000099e+01 3.370125155658169181e-05
2.175000000000000000e+01 2.955846421923845576e-05
2.187999999999999901e+01 2.591861609500013209e-05
2.200000000000000000e+01 2.272037394058469339e-05
2.212000000000000099e+01 1.992271456202693305e-05
2.225000000000000000e+01 1.746701606600280056e-05
2.237999999999999901e+01 1.531343926817225551e-05
2.250000000000000000e+01 1.341912525092451686e-05
2.262000000000000099e+01 1.175219653596722410e-05
2.275000000000000000e+01 1.029300398328884343e-05
2.287999999999999901e+01 9.011745296001215104e-06
2.300000000000000000e+01 7.889142855849422124e-06
2.312000000000000099e+01 6.909564623042467672e-06
2.325000000000000000e+01 6.051390852523079743e-06
2.337999999999999901e+01 5.304309796759612943e-06
2.350000000000000000e+01 4.655226967076900439e-06
2.362000000000000099e+01 4.091182641828643785e-06
2.375000000000000000e+01 3.603389869275873631e-06
2.387999999999999901e+01 3.182718579642253191e-06
2.400000000000000000e+01 2.821322285737664309e-06
2.412000000000000099e+01 2.512084765687654546e-06
2.425000000000000000e+01 2.250464007710409788e-06
2.437999999999999901e+01 2.030839304868802073e-06
2.450000000000000000e+01 1.849225654159059136e-06
2.462000000000000099e+01 1.701916090763583989e-06
2.475000000000000000e+01 1.587502455903612160e-06
2.487999999999999901e+01 1.502880050835727695e-06
2.500000000000000000e+01 1.446499999999999830e-06
