0.000000000000000000e+00 0.000000000000000000e+00
1.250000000000000000e-01 7.693321779309637842e-02
2.500000000000000000e-01 1.074500000000000038e-01
3.750000000000000000e-01 1.306802777774825342e-01
5.000000000000000000e-01 1.496945055771921329e-01
6.250000000000000000e-01 1.657824063343272813e-01
7.500000000000000000e-01 1.794404636641356854e-01
8.750000000000000000e-01 1.910116095948097004e-01
1.000000000000000000e+00 2.008000000000000063e-01
1.125000000000000000e+00 2.088439878234467917e-01
1.250000000000000000e+00 2.154451496321047599e-01
1.375000000000000000e+00 2.204495407117011974e-01
1.500000000000000000e+00 2.241283114646607788e-01
1.625000000000000000e+00 2.265239418913594371e-01
1.750000000000000000e+00 2.276669003171080397e-01
1.875000000000000000e+00 2.275787226433965138e-01
2.000000000000000000e+00 2.265570126921698513e-01
2.125000000000000000e+00 2.244916479515440821e-01
2.250000000000000000e+00 2.216999999999999804e-01
2.375000000000000000e+00 2.180661453550274964e-01
2.500000000000000000e+00 2.137699698273824445e-01
2.625000000000000000e+00 2.088418690061932814e-01
2.750000000000000000e+00 2.033090996487860180e-01
2.875000000000000000e+00 1.973658025089453094e-01
3.000000000000000000e+00 1.912184091556040355e-01
3.125000000000000000e+00 1.847316465849855316e-01
3.250000000000000000e+00 1.779159276877705365e-01
3.375000000000000000e+00 1.710356212898354322e-01
3.500000000000000000e+00 1.640716764100373370e-01
3.625000000000000000e+00 1.570943597412077786e-01
3.750000000000000000e+00 1.501361994157305313e-01
3.875000000000000000e+00 1.432282032282748419e-01
4.000000000000000000e+00 1.363999999999999935e-01
4.125000000000000000e+00 1.297002731300131162e-01
4.250000000000000000e+00 1.230747029246871682e-01
4.375000000000000000e+00 1.166094911981867821e-01
4.500000000000000000e+00 1.102874446616658038e-01
4.625000000000000000e+00 1.041526531707186037e-01
4.750000000000000000e+00 9.824958218740680038e-02
4.875000000000000000e+00 9.255685387911584405e-02
5.000000000000000000e+00 8.711720840339180760e-02
5.125000000000000000e+00 8.190595857445293060e-02
5.250000000000000000e+00 7.689562016135899347e-02
5.375000000000000000e+00 7.214875189495657815e-02
5.500000000000000000e+00 6.761234317785473624e-02
5.625000000000000000e+00 6.327717597996926346e-02
5.750000000000000000e+00 5.918056099767895345e-02
5.875000000000000000e+00 5.531202717312031641e-02
6.000000000000000000e+00 5.163524377786939124e-02
6.125000000000000000e+00 4.818579160395728561e-02
6.250000000000000000e+00 4.490000000000000241e-02
6.375000000000000000e+00 4.183719920716490875e-02
6.500000000000000000e+00 3.895650908384887257e-02
6.625000000000000000e+00 3.624061809627424080e-02
6.750000000000000000e+00 3.369704846125250869e-02
6.875000000000000000e+00 3.130694411787902226e-02
7.000000000000000000e+00 2.907680690859985179e-02
7.125000000000000000e+00 2.701300797763921818e-02
7.250000000000000000e+00 2.505717184759684649e-02
7.375000000000000000e+00 2.324363455604566350e-02
7.500000000000000000e+00 2.155562125061580986e-02
7.625000000000000000e+00 1.998105808009175560e-02
7.750000000000000000e+00 1.851838427077264967e-02
7.875000000000000000e+00 1.715736994705190782e-02
8.000000000000000000e+00 1.589293201394884406e-02
8.125000000000000000e+00 1.471681429946712291e-02
8.250000000000000000e+00 1.362610259758820393e-02
8.375000000000000000e+00 1.261187430558994953e-02
8.500000000000000000e+00 1.167065021753286788e-02
8.625000000000000000e+00 1.079874240941971868e-02
8.750000000000000000e+00 9.989300713763700490e-03
8.875000000000000000e+00 9.238169941877016553e-03
9.000000000000000000e+00 8.543999999999999512e-03
9.125000000000000000e+00 7.899291305237452626e-03
9.250000000000000000e+00 7.305397798888161286e-03
9.375000000000000000e+00 6.754467965724614102e-03
9.500000000000000000e+00 6.244551385007572793e-03
9.625000000000000000e+00 5.773600663797246596e-03
9.750000000000000000e+00 5.336350789631431543e-03
9.875000000000000000e+00 4.933648497815790006e-03
1.000000000000000000e+01 4.563166663622972123e-03
1.011999999999999922e+01 4.218264230699636692e-03
1.025000000000000000e+01 3.899502660596604331e-03
1.038000000000000078e+01 3.605195026624773407e-03
1.050000000000000000e+01 3.331100718981640316e-03
1.061999999999999922e+01 3.077642968766844747e-03
1.075000000000000000e+01 2.844616831842207427e-03
1.088000000000000078e+01 2.628892146893820319e-03
1.100000000000000000e+01 2.428101009019187958e-03
1.111999999999999922e+01 2.242563154071697609e-03
1.125000000000000000e+01 2.072164194749055027e-03
1.138000000000000078e+01 1.914756347110514473e-03
1.150000000000000000e+01 1.768153426600757279e-03
1.161999999999999922e+01 1.632821000599881918e-03
1.175000000000000000e+01 1.508586794818249756e-03
1.188000000000000078e+01 1.394205354314779696e-03
1.200000000000000000e+01 1.287606570346703193e-03
1.211999999999999922e+01 1.189587216979066204e-03
1.225000000000000000e+01 1.099350000000000023e-03
1.238000000000000078e+01 1.016149274073450395e-03
1.250000000000000000e+01 9.390378054157351786e-04
1.261999999999999922e+01 8.675116926013158808e-04
1.275000000000000000e+01 8.023394839467892217e-04
1.288000000000000078e+01 7.418197781132558014e-04
1.300000000000000000e+01 6.854152974657043949e-04
1.311999999999999922e+01 6.338769596696191763e-04
1.325000000000000000e+01 5.864128515815457540e-04
1.338000000000000078e+01 5.424618587513781089e-04
1.350000000000000000e+01 5.015330248348558216e-04
1.361999999999999922e+01 4.638994220733627357e-04
1.375000000000000000e+01 4.293978924028388905e-04
1.388000000000000078e+01 3.975201544576074052e-04
1.400000000000000000e+01 3.680668371369525955e-04
1.411999999999999922e+01 3.407820807084785603e-04
1.425000000000000000e+01 3.156963269108463963e-04
1.438000000000000078e+01 2.924844450940938790e-04
1.450000000000000000e+01 2.709692071066378567e-04
1.461999999999999922e+01 2.510965251014039509e-04
1.475000000000000000e+01 2.328155276178974918e-04
1.488000000000000078e+01 2.159406278401542650e-04
1.500000000000000000e+01 2.002332389989234813e-04
1.511999999999999922e+01 1.857121054535756271e-04
1.525000000000000000e+01 1.722550566021212749e-04
1.538000000000000078e+01 1.598106731416897713e-04
1.550000000000000000e+01 1.481888281889022756e-04
1.561999999999999922e+01 1.373789784210087753e-04
1.575000000000000000e+01 1.273929256277600574e-04
1.588000000000000078e+01 1.181145632341753241e-04
1.600000000000000000e+01 1.094800000000000021e-04
1.612000000000000099e+01 1.014583419340174401e-04
1.625000000000000000e+01 9.404623663390256386e-05
1.637999999999999901e+01 8.713667392091575001e-05
1.650000000000000000e+01 8.067170135803508548e-05
1.662000000000000099e+01 7.468630589338316999e-05
1.675000000000000000e+01 6.916623092232220666e-05
1.687999999999999901e+01 6.396977655111825986e-05
1.700000000000000000e+01 5.916656572761342568e-05
1.712000000000000099e+01 5.469949732858612221e-05
1.725000000000000000e+01 5.054580620585648684e-05
1.737999999999999901e+01 4.665035710474250741e-05
1.750000000000000000e+01 4.304615836517818365e-05
1.762000000000000099e+01 3.965490076371393349e-05
1.775000000000000000e+01 3.651893311694633966e-05
1.787999999999999901e+01 3.359523309935503018e-05
1.800000000000000000e+01 3.085672571741855679e-05
1.812000000000000099e+01 2.830319279021361643e-05
1.825000000000000000e+01 2.593105136703870441e-05
1.837999999999999901e+01 2.371244911813202009e-05
1.850000000000000000e+01 2.163054688397868279e-05
1.862000000000000099e+01 1.968975476688320672e-05
1.875000000000000000e+01 1.787909446112973726e-05
1.887999999999999901e+01 1.618554293188831931e-05
1.900000000000000000e+01 1.459359366297417641e-05
1.912000000000000099e+01 1.310480873877982302e-05
1.925000000000000000e+01 1.171457745716848280e-05
1.937999999999999901e+01 1.041137361254507879e-05
1.950000000000000000e+01 9.185031300980961327e-06
1.962000000000000099e+01 8.035016709379016420e-06
1.975000000000000000e+01 6.959456228758105564e-06
1.987999999999999901e+01 5.947904948803402279e-06
2.000000000000000000e+01 5.026680813419527208e-06
2.012000000000000099e+01 4.242865001057658439e-06
2.025000000000000000e+01 3.580199999999999620e-06
2.037999999999999901e+01 3.023759410932027300e-06
2.050000000000000000e+01 2.554976916725472505e-06
2.062000000000000099e+01 2.160118030062246172e-06
2.075000000000000000e+01 1.828008497655303568e-06
2.087999999999999901e+01 1.546763517800959716e-06
2.100000000000000000e+01 1.308783618479387977e-06
2.112000000000000099e+01 1.106632548229085813e-06
2.125000000000000000e+01 9.353227851923633310e-07
2.137999999999999901e+01 7.888290162005960175e-07
2.150000000000000000e+01 6.639910842774924074e-07
2.162000000000000099e+01 5.570377947680031937e-07
2.175000000000000000e+01 4.668353216070952320e-07
2.187999999999999901e+01 3.908607761953097072e-07
2.200000000000000000e+01 3.273441158780771976e-07
2.212000000000000099e+01 2.741960007002290638e-07
2.225000000000000000e+01 2.296702706599180136e-07
2.237999999999999901e+01 1.923523140697818581e-07
2.250000000000000000e+01 1.609441215142696786e-07
2.262000000000000099e+01 1.345486199929230072e-07
2.275000000000000000e+01 1.124694318470578830e-07
2.287999999999999901e+01 9.389626335483218358e-08
2.300000000000000000e+01 7.836388709092983376e-08
2.312000000000000099e+01 6.534515186301123017e-08
2.325000000000000000e+01 5.448662679961019638e-08
2.337999999999999901e+01 4.542752100324208251e-08
2.350000000000000000e+01 3.787492272599378035e-08
2.362000000000000099e+01 3.159512752973153669e-08
2.375000000000000000e+01 2.638457229139786294e-08
2.387999999999999901e+01 2.207329928488263206e-08
2.400000000000000000e+01 1.851324347595526078e-08
2.412000000000000099e+01 1.558327460709077038e-08
2.425000000000000000e+01 1.319254502550588089e-08
2.437999999999999901e+01 1.124787730729669730e-08
2.450000000000000000e+01 9.691605542942820120e-09
2.462000000000000099e+01 8.464923763389721180e-09
2.475000000000000000e+01 7.532054898897111994e-09
2.487999999999999901e+01 6.858480152336958240e-09
2.500000000000000000e+01 6.414999999999999871e-09
