0.000000000000000000e+00 0.000000000000000000e+00
1.250000000000000000e-01 4.684582425360878100e-02
2.500000000000000000e-01 6.544999999999999429e-02
3.750000000000000000e-01 7.973089112759244868e-02
5.000000000000000000e-01 9.149961748553925300e-02
6.250000000000000000e-01 1.015881698329091920e-01
7.500000000000000000e-01 1.104182389825159177e-01
8.750000000000000000e-01 1.181428319873871896e-01
1.000000000000000000e+00 1.250000000000000000e-01
1.125000000000000000e+00 1.309915312148079158e-01
1.250000000000000000e+00 1.361765398297372087e-01
1.375000000000000000e+00 1.407124727947028919e-01
1.500000000000000000e+00 1.446423693113466635e-01
1.625000000000000000e+00 1.479990413820305717e-01
1.750000000000000000e+00 1.506755371651284370e-01
1.875000000000000000e+00 1.528145935439413627e-01
2.000000000000000000e+00 1.545735423673793019e-01
2.125000000000000000e+00 1.556864155923695370e-01
2.250000000000000000e+00 1.564500000000000057e-01
2.375000000000000000e+00 1.567302260254862245e-01
2.500000000000000000e+00 1.566750466730423563e-01
2.625000000000000000e+00 1.562182545351214757e-01
2.750000000000000000e+00 1.554170376760540262e-01
2.875000000000000000e+00 1.543149629410576484e-01
3.000000000000000000e+00 1.529054452921804752e-01
3.125000000000000000e+00 1.512324628262728676e-01
3.250000000000000000e+00 1.493419338297184151e-01
3.375000000000000000e+00 1.472265809899829248e-01
3.500000000000000000e+00 1.449330988766886208e-01
3.625000000000000000e+00 1.424911148107137482e-01
3.750000000000000000e+00 1.398921584650119065e-01
3.875000000000000000e+00 1.371849021849707861e-01
4.000000000000000000e+00 1.343600000000000072e-01
4.125000000000000000e+00 1.314469413870098524e-01
4.250000000000000000e+00 1.284553557661182177e-01
4.375000000000000000e+00 1.253525884754678743e-01
4.500000000000000000e+00 1.222092649924710062e-01
4.625000000000000000e+00 1.190131700695347405e-01
4.750000000000000000e+00 1.158159449298757082e-01
4.875000000000000000e+00 1.126049510456800518e-01
5.000000000000000000e+00 1.093884454592897182e-01
5.125000000000000000e+00 1.061970292075065658e-01
5.250000000000000000e+00 1.030163016226072759e-01
5.375000000000000000e+00 9.983050310401125893e-02
5.500000000000000000e+00 9.669292088876001168e-02
5.625000000000000000e+00 9.358760735268319142e-02
5.750000000000000000e+00 9.052132000252756383e-02
5.875000000000000000e+00 8.750062142636474971e-02
6.000000000000000000e+00 8.453189102344746408e-02
6.125000000000000000e+00 8.159658701502164879e-02
6.250000000000000000e+00 7.875000000000000056e-02
6.375000000000000000e+00 7.594827713648281964e-02
6.500000000000000000e+00 7.319642511762441961e-02
6.625000000000000000e+00 7.052506646576095495e-02
6.750000000000000000e+00 6.791371216477568029e-02
6.875000000000000000e+00 6.536701146220469383e-02
7.000000000000000000e+00 6.291596617711596451e-02
7.125000000000000000e+00 6.051234099338745343e-02
7.250000000000000000e+00 5.815977991705264388e-02
7.375000000000000000e+00 5.591616257845311022e-02
7.500000000000000000e+00 5.370419676338153425e-02
7.625000000000000000e+00 5.158183595026450546e-02
7.750000000000000000e+00 4.955310282918719278e-02
7.875000000000000000e+00 4.756581952936372870e-02
8.000000000000000000e+00 4.565081379340351492e-02
8.125000000000000000e+00 4.378273632380690061e-02
8.250000000000000000e+00 4.199275294619298632e-02
8.375000000000000000e+00 4.025497282945301319e-02
8.500000000000000000e+00 3.860090154387588873e-02
8.625000000000000000e+00 3.700412139208279771e-02
8.750000000000000000e+00 3.546689829968219937e-02
8.875000000000000000e+00 3.396166957026700711e-02
9.000000000000000000e+00 3.252000000000000030e-02
9.125000000000000000e+00 3.114405099694000922e-02
9.250000000000000000e+00 2.982682606731731911e-02
9.375000000000000000e+00 2.855186481431641957e-02
9.500000000000000000e+00 2.732992948216295473e-02
9.625000000000000000e+00 2.615338720892573104e-02
9.750000000000000000e+00 2.502682947858158105e-02
9.875000000000000000e+00 2.394862114767779340e-02
1.000000000000000000e+01 2.291070164791990729e-02
1.011999999999999922e+01 2.191206939748046451e-02
1.025000000000000000e+01 2.096062719123642851e-02
1.038000000000000078e+01 2.004604419629967688e-02
1.050000000000000000e+01 1.916030987484283743e-02
1.061999999999999922e+01 1.830813023986884239e-02
1.075000000000000000e+01 1.750180342136203882e-02
1.088000000000000078e+01 1.672661490200572434e-02
1.100000000000000000e+01 1.597618161514196070e-02
1.111999999999999922e+01 1.525609878048775521e-02
1.125000000000000000e+01 1.457357304335487984e-02
1.138000000000000078e+01 1.391875385514091366e-02
1.150000000000000000e+01 1.328658443694239952e-02
1.161999999999999922e+01 1.268078104850012787e-02
1.175000000000000000e+01 1.210708602430824420e-02
1.188000000000000078e+01 1.155691113230520629e-02
1.200000000000000000e+01 1.102969954259861059e-02
1.211999999999999922e+01 1.052420882917096123e-02
1.225000000000000000e+01 1.004500000000000011e-02
1.238000000000000078e+01 9.584455064321600534e-03
1.250000000000000000e+01 9.142890680742060683e-03
1.261999999999999922e+01 8.721298957150820999e-03
1.275000000000000000e+01 8.319764119252420764e-03
1.288000000000000078e+01 7.934995304346435449e-03
1.300000000000000000e+01 7.568052127198914188e-03
1.311999999999999922e+01 7.215330878067892535e-03
1.325000000000000000e+01 6.883343900314729986e-03
1.338000000000000078e+01 6.562215607552071735e-03
1.350000000000000000e+01 6.257221547939628876e-03
1.361999999999999922e+01 5.963893922597885734e-03
1.375000000000000000e+01 5.688224239602373070e-03
1.388000000000000078e+01 5.424454966169413132e-03
1.400000000000000000e+01 5.167228851134813075e-03
1.411999999999999922e+01 4.926290746596266416e-03
1.425000000000000000e+01 4.695997018738407025e-03
1.438000000000000078e+01 4.478466610347787459e-03
1.450000000000000000e+01 4.264832939283788420e-03
1.461999999999999922e+01 4.064498342969276833e-03
1.475000000000000000e+01 3.875138029799712371e-03
1.488000000000000078e+01 3.692746749399422514e-03
1.500000000000000000e+01 3.518218071694817657e-03
1.511999999999999922e+01 3.351061400332736376e-03
1.525000000000000000e+01 3.192439555026844837e-03
1.538000000000000078e+01 3.040128437286819616e-03
1.550000000000000000e+01 2.893697893699340423e-03
1.561999999999999922e+01 2.753507890273786205e-03
1.575000000000000000e+01 2.619690660650604574e-03
1.588000000000000078e+01 2.492201344354023473e-03
1.600000000000000000e+01 2.368799999999999899e-03
1.612000000000000099e+01 2.250793291975076126e-03
1.625000000000000000e+01 2.138513867736190500e-03
1.637999999999999901e+01 2.030895632768951829e-03
1.650000000000000000e+01 1.927428111499881721e-03
1.662000000000000099e+01 1.828428394824364173e-03
1.675000000000000000e+01 1.733657717082584928e-03
1.687999999999999901e+01 1.643000233962247508e-03
1.700000000000000000e+01 1.556060063108105065e-03
1.712000000000000099e+01 1.472169527194473575e-03
1.725000000000000000e+01 1.392605490618215426e-03
1.737999999999999901e+01 1.316132058799571788e-03
1.750000000000000000e+01 1.242440139403102163e-03
1.762000000000000099e+01 1.171975049563769551e-03
1.775000000000000000e+01 1.104246927774761664e-03
1.787999999999999901e+01 1.039781978493568761e-03
1.800000000000000000e+01 9.770801502435712358e-04
1.812000000000000099e+01 9.173316357784681374e-04
1.825000000000000000e+01 8.599539769662094268e-04
1.837999999999999901e+01 8.051343237000892954e-04
1.850000000000000000e+01 7.522733446028777261e-04
1.862000000000000099e+01 7.012020928377209628e-04
1.875000000000000000e+01 6.525501417515745676e-04
1.887999999999999901e+01 6.057086401893240196e-04
1.900000000000000000e+01 5.609902940336848045e-04
1.912000000000000099e+01 5.172835748407251513e-04
1.925000000000000000e+01 4.760418180160226132e-04
1.937999999999999901e+01 4.358249419204917111e-04
1.950000000000000000e+01 3.972084449630949843e-04
1.962000000000000099e+01 3.600697399699119756e-04
1.975000000000000000e+01 3.243746552599324089e-04
1.987999999999999901e+01 2.900383934929994727e-04
2.000000000000000000e+01 2.577739164461757696e-04
2.012000000000000099e+01 2.288070025414432182e-04
2.025000000000000000e+01 2.031749999999999919e-04
2.037999999999999901e+01 1.804414208046478435e-04
2.050000000000000000e+01 1.602803169450322889e-04
2.062000000000000099e+01 1.424034084985327823e-04
2.075000000000000000e+01 1.265894745822100415e-04
2.087999999999999901e+01 1.125002003198216540e-04
2.100000000000000000e+01 9.994597590698686067e-05
2.112000000000000099e+01 8.874200376371946415e-05
2.125000000000000000e+01 7.873490966528124758e-05
2.137999999999999901e+01 6.977391473896244400e-05
2.150000000000000000e+01 6.176229918000137968e-05
2.162000000000000099e+01 5.454134668304404650e-05
2.175000000000000000e+01 4.812927591393828921e-05
2.187999999999999901e+01 4.249137495162988139e-05
2.200000000000000000e+01 3.749518358402849876e-05
2.212000000000000099e+01 3.308694450988184044e-05
2.225000000000000000e+01 2.920288859428121439e-05
2.237999999999999901e+01 2.577312855514440654e-05
2.250000000000000000e+01 2.273045182129030946e-05
2.262000000000000099e+01 2.004198955992143850e-05
2.275000000000000000e+01 1.767172370624891752e-05
2.287999999999999901e+01 1.558400540040974234e-05
2.300000000000000000e+01 1.373526148276762811e-05
2.312000000000000099e+01 1.211217347630061091e-05
2.325000000000000000e+01 1.068998686856069043e-05
2.337999999999999901e+01 9.438480148837524066e-06
2.350000000000000000e+01 8.347704714470919487e-06
2.362000000000000099e+01 7.392122592327591395e-06
2.375000000000000000e+01 6.559592594056431747e-06
2.387999999999999901e+01 5.839626443532154651e-06
2.400000000000000000e+01 5.217413152128168443e-06
2.412000000000000099e+01 4.685295926619790629e-06
2.425000000000000000e+01 4.231069311651605701e-06
2.437999999999999901e+01 3.848373824981143876e-06
2.450000000000000000e+01 3.530159894395719909e-06
2.462000000000000099e+01 3.271846852039379701e-06
2.475000000000000000e+01 3.069536243473922424e-06
2.487999999999999901e+01 2.920465548504210969e-06
2.500000000000000000e+01 2.821500000000000006e-06
