0.000000000000000000e+00 0.000000000000000000e+00
1.250000000000000000e-01 6.335676759431466132e-02
2.500000000000000000e-01 8.849999999999999534e-02
3.750000000000000000e-01 1.077163114388902526e-01
5.000000000000000000e-01 1.236022653514085301e-01
6.250000000000000000e-01 1.370847365682992536e-01
7.500000000000000000e-01 1.486965618297881042e-01
8.750000000000000000e-01 1.587398146338844518e-01
1.000000000000000000e+00 1.673999999999999932e-01
1.125000000000000000e+00 1.747967963093145227e-01
1.250000000000000000e+00 1.810097027786079782e-01
1.375000000000000000e+00 1.862095056649901437e-01
1.500000000000000000e+00 1.903253530142529348e-01
1.625000000000000000e+00 1.933803150530063464e-01
1.750000000000000000e+00 1.956533094532264816e-01
1.875000000000000000e+00 1.969062594231072438e-01
2.000000000000000000e+00 1.974242133072840744e-01
2.125000000000000000e+00 1.972319478431422968e-01
2.250000000000000000e+00 1.963499999999999690e-01
2.375000000000000000e+00 1.947954824938196716e-01
2.500000000000000000e+00 1.927408233872627275e-01
2.625000000000000000e+00 1.900477209808105195e-01
2.750000000000000000e+00 1.868918069365267665e-01
2.875000000000000000e+00 1.834620260435385064e-01
3.000000000000000000e+00 1.794404636641356854e-01
3.125000000000000000e+00 1.753094487256748046e-01
3.250000000000000000e+00 1.708310194314837938e-01
3.375000000000000000e+00 1.661488892529829897e-01
3.500000000000000000e+00 1.613215582307584717e-01
3.625000000000000000e+00 1.563518218633860313e-01
3.750000000000000000e+00 1.512787295028616974e-01
3.875000000000000000e+00 1.461612711613442250e-01
4.000000000000000000e+00 1.410200000000000065e-01
4.125000000000000000e+00 1.358542322215248732e-01
4.250000000000000000e+00 1.306612172758236656e-01
4.375000000000000000e+00 1.254990039801113233e-01
4.500000000000000000e+00 1.203637162935741051e-01
4.625000000000000000e+00 1.152926643915388044e-01
4.750000000000000000e+00 1.103019377662967648e-01
4.875000000000000000e+00 1.054291453417886826e-01
5.000000000000000000e+00 1.006901410268155328e-01
5.125000000000000000e+00 9.605499785279265901e-02
5.250000000000000000e+00 9.155986238521768295e-02
5.375000000000000000e+00 8.719519790389834712e-02
5.500000000000000000e+00 8.295000271247734980e-02
5.625000000000000000e+00 7.885929915044896654e-02
5.750000000000000000e+00 7.488690923652810416e-02
5.875000000000000000e+00 7.106698670972338983e-02
6.000000000000000000e+00 6.740995772139304898e-02
6.125000000000000000e+00 6.387649107848676622e-02
6.250000000000000000e+00 6.049999999999999822e-02
6.375000000000000000e+00 5.726419300051297651e-02
6.500000000000000000e+00 5.415158723435536947e-02
6.625000000000000000e+00 5.119502087605786594e-02
6.750000000000000000e+00 4.837617905539874641e-02
6.875000000000000000e+00 4.570184555901435353e-02
7.000000000000000000e+00 4.312574637035282432e-02
7.125000000000000000e+00 4.070636083586937071e-02
7.250000000000000000e+00 3.839622507486901287e-02
7.375000000000000000e+00 3.620021598692471643e-02
7.500000000000000000e+00 3.409572920469659124e-02
7.625000000000000000e+00 3.214200056001492722e-02
7.750000000000000000e+00 3.026079931198116454e-02
7.875000000000000000e+00 2.851142928721743519e-02
8.000000000000000000e+00 2.683328813246711048e-02
8.125000000000000000e+00 2.525488566594590381e-02
8.250000000000000000e+00 2.376238338740455786e-02
8.375000000000000000e+00 2.235294105928792643e-02
8.500000000000000000e+00 2.102058158091731077e-02
8.625000000000000000e+00 1.976489975942200342e-02
8.750000000000000000e+00 1.858240659871589553e-02
8.875000000000000000e+00 1.746344798428992734e-02
9.000000000000000000e+00 1.641300000000000051e-02
9.125000000000000000e+00 1.542098742380007374e-02
9.250000000000000000e+00 1.448609896590520932e-02
9.375000000000000000e+00 1.360997738333903292e-02
9.500000000000000000e+00 1.278191243515617095e-02
9.625000000000000000e+00 1.200635925249615536e-02
9.750000000000000000e+00 1.127534388610830843e-02
9.875000000000000000e+00 1.059006078830523195e-02
1.000000000000000000e+01 9.945363241229552426e-03
1.011999999999999922e+01 9.336806573984489724e-03
1.025000000000000000e+01 8.769078643164287049e-03
1.038000000000000078e+01 8.231700887422963020e-03
1.050000000000000000e+01 7.725042912502168985e-03
1.061999999999999922e+01 7.247647143728782639e-03
1.075000000000000000e+01 6.803342468963325188e-03
1.088000000000000078e+01 6.382567508456138752e-03
1.100000000000000000e+01 5.986507746591496378e-03
1.111999999999999922e+01 5.615578217779536134e-03
1.125000000000000000e+01 5.265940087012004577e-03
1.138000000000000078e+01 4.942068443475868857e-03
1.150000000000000000e+01 4.632331378474558066e-03
1.161999999999999922e+01 4.342826627900311758e-03
1.175000000000000000e+01 4.072258832638220132e-03
1.188000000000000078e+01 3.818985247418481537e-03
1.200000000000000000e+01 3.581881070052438110e-03
1.211999999999999922e+01 3.356745667577452907e-03
1.225000000000000000e+01 3.148250000000000007e-03
1.238000000000000078e+01 2.952744012473820789e-03
1.250000000000000000e+01 2.767969494954740286e-03
1.261999999999999922e+01 2.595074903543248199e-03
1.275000000000000000e+01 2.433798808447403244e-03
1.288000000000000078e+01 2.282522394194633035e-03
1.300000000000000000e+01 2.140255237115423845e-03
1.311999999999999922e+01 2.006673346611251470e-03
1.325000000000000000e+01 1.882272411873478187e-03
1.338000000000000078e+01 1.765652995409913717e-03
1.350000000000000000e+01 1.655610117147150121e-03
1.361999999999999922e+01 1.552605305220872752e-03
1.375000000000000000e+01 1.456912192789942958e-03
1.388000000000000078e+01 1.366917944428267407e-03
1.400000000000000000e+01 1.282265986447429697e-03
1.411999999999999922e+01 1.202826596480140826e-03
1.425000000000000000e+01 1.129077739794740690e-03
1.438000000000000078e+01 1.059511914420975314e-03
1.450000000000000000e+01 9.942391789705333320e-04
1.461999999999999922e+01 9.333434106479778598e-04
1.475000000000000000e+01 8.764187298318080631e-04
1.488000000000000078e+01 8.227962829279190362e-04
1.500000000000000000e+01 7.722728792337588870e-04
1.511999999999999922e+01 7.251948841518396013e-04
1.525000000000000000e+01 6.806632592552649052e-04
1.538000000000000078e+01 6.392426925667590853e-04
1.550000000000000000e+01 5.996056996059993425e-04
1.561999999999999922e+01 5.627953546361233591e-04
1.575000000000000000e+01 5.278273865573858458e-04
1.588000000000000078e+01 4.953319908909579409e-04
1.600000000000000000e+01 4.644000000000000124e-04
1.612000000000000099e+01 4.352229626295010421e-04
1.625000000000000000e+01 4.079502420639065396e-04
1.637999999999999901e+01 3.820576877907314235e-04
1.650000000000000000e+01 3.577014109561213288e-04
1.662000000000000099e+01 3.347838122251433268e-04
1.675000000000000000e+01 3.132943773434180537e-04
1.687999999999999901e+01 2.930612820418282112e-04
1.700000000000000000e+01 2.738566756535250465e-04
1.712000000000000099e+01 2.557884209419964945e-04
1.725000000000000000e+01 2.388154360588946640e-04
1.737999999999999901e+01 2.227877644037032920e-04
1.750000000000000000e+01 2.076171855844308536e-04
1.762000000000000099e+01 1.933003260473194424e-04
1.775000000000000000e+01 1.798140361595835027e-04
1.787999999999999901e+01 1.671093281417886729e-04
1.800000000000000000e+01 1.550685171142098646e-04
1.812000000000000099e+01 1.436656274131011695e-04
1.825000000000000000e+01 1.329446982771407735e-04
1.837999999999999901e+01 1.227851279593746340e-04
1.850000000000000000e+01 1.131635888879457591e-04
1.862000000000000099e+01 1.040799660261281949e-04
1.875000000000000000e+01 9.552260203742358731e-05
1.887999999999999901e+01 8.738020627121452575e-05
1.900000000000000000e+01 7.968067268792352156e-05
1.912000000000000099e+01 7.236722877103973013e-05
1.925000000000000000e+01 6.546123432994523420e-05
1.937999999999999901e+01 5.890240124137555334e-05
1.950000000000000000e+01 5.268145356764560613e-05
1.962000000000000099e+01 4.673066498563871961e-05
1.975000000000000000e+01 4.115234015217117500e-05
1.987999999999999901e+01 3.583010807240190597e-05
2.000000000000000000e+01 3.093376440073209376e-05
2.012000000000000099e+01 2.666200398169649974e-05
2.025000000000000000e+01 2.298150000000000350e-05
2.037999999999999901e+01 1.982282408689538719e-05
2.050000000000000000e+01 1.710562252594158262e-05
2.062000000000000099e+01 1.476254722668144278e-05
2.075000000000000000e+01 1.275005179401244498e-05
2.087999999999999901e+01 1.101240791107920966e-05
2.100000000000000000e+01 9.508844567033367072e-06
2.112000000000000099e+01 8.207831109373535267e-06
2.125000000000000000e+01 7.076000370972290444e-06
2.137999999999999901e+01 6.094235893038601515e-06
2.150000000000000000e+01 5.234957640707324532e-06
2.162000000000000099e+01 4.487455557016693596e-06
2.175000000000000000e+01 3.841947431967283052e-06
2.187999999999999901e+01 3.288357176463651243e-06
2.200000000000000000e+01 2.814249455894057701e-06
2.212000000000000099e+01 2.408974126220537405e-06
2.225000000000000000e+01 2.061796576410970824e-06
2.237999999999999901e+01 1.764569924939218898e-06
2.250000000000000000e+01 1.508880785549342303e-06
2.262000000000000099e+01 1.289364824322425820e-06
2.275000000000000000e+01 1.101322808035863679e-06
2.287999999999999901e+01 9.403976248374939670e-07
2.300000000000000000e+01 8.023426138502179226e-07
2.312000000000000099e+01 6.847056383585577293e-07
2.325000000000000000e+01 5.839230535781233997e-07
2.337999999999999901e+01 4.985180857300966954e-07
2.350000000000000000e+01 4.256262914811537562e-07
2.362000000000000099e+01 3.637254798223517307e-07
2.375000000000000000e+01 3.114100793166463557e-07
2.387999999999999901e+01 2.671568013957346473e-07
2.400000000000000000e+01 2.299091072576290565e-07
2.412000000000000099e+01 1.987076238899755760e-07
2.425000000000000000e+01 1.727489658435036647e-07
2.437999999999999901e+01 1.513377697404055124e-07
2.450000000000000000e+01 1.338906690176727681e-07
2.462000000000000099e+01 1.199280230721744244e-07
2.475000000000000000e+01 1.091998712224515450e-07
2.487999999999999901e+01 1.013558666876269067e-07
2.500000000000000000e+01 9.620000000000000115e-08
