0.000000000000000000e+00 0.000000000000000000e+00
1.250000000000000000e-01 5.808882207447488288e-02
2.500000000000000000e-01 8.114999999999999991e-02
3.750000000000000000e-01 9.877567387773164564e-02
5.000000000000000000e-01 1.133492170242035718e-01
6.250000000000000000e-01 1.258586508747015220e-01
7.500000000000000000e-01 1.365722061768059603e-01
8.750000000000000000e-01 1.459246380841837110e-01
1.000000000000000000e+00 1.540999999999999870e-01
1.125000000000000000e+00 1.611142800933548502e-01
1.250000000000000000e+00 1.671460813181092908e-01
1.375000000000000000e+00 1.721382583855198822e-01
1.500000000000000000e+00 1.763632614803888055e-01
1.625000000000000000e+00 1.796129623663058339e-01
1.750000000000000000e+00 1.820276902012438469e-01
1.875000000000000000e+00 1.837609180429832512e-01
2.000000000000000000e+00 1.848377126021635564e-01
2.125000000000000000e+00 1.851327226613382892e-01
2.250000000000000000e+00 1.848000000000000198e-01
2.375000000000000000e+00 1.840077579886239545e-01
2.500000000000000000e+00 1.826215348747239342e-01
2.625000000000000000e+00 1.806506469681191107e-01
2.750000000000000000e+00 1.784344137211205106e-01
2.875000000000000000e+00 1.756623465629444381e-01
3.000000000000000000e+00 1.726854655146170536e-01
3.125000000000000000e+00 1.693520740941781288e-01
3.250000000000000000e+00 1.657291643767022649e-01
3.375000000000000000e+00 1.619051482736111325e-01
3.500000000000000000e+00 1.578979417218603354e-01
3.625000000000000000e+00 1.537434195746276711e-01
3.750000000000000000e+00 1.494584273301442223e-01
3.875000000000000000e+00 1.450982800983526555e-01
4.000000000000000000e+00 1.406600000000000072e-01
4.125000000000000000e+00 1.361791937577102873e-01
4.250000000000000000e+00 1.316507626259718899e-01
4.375000000000000000e+00 1.270886580305260749e-01
4.500000000000000000e+00 1.225274630440049417e-01
4.625000000000000000e+00 1.180023968506572346e-01
4.750000000000000000e+00 1.135057284897991597e-01
4.875000000000000000e+00 1.090943261013147397e-01
5.000000000000000000e+00 1.047597847458651560e-01
5.125000000000000000e+00 1.004921365704799924e-01
5.250000000000000000e+00 9.632574110797174904e-02
5.375000000000000000e+00 9.224931998394350630e-02
5.500000000000000000e+00 8.827362459987694865e-02
5.625000000000000000e+00 8.438537936159321018e-02
5.750000000000000000e+00 8.061792790688680765e-02
5.875000000000000000e+00 7.695691773648423439e-02
6.000000000000000000e+00 7.341120759121183559e-02
6.125000000000000000e+00 6.998942920184447747e-02
6.250000000000000000e+00 6.667499999999999816e-02
6.375000000000000000e+00 6.350063729995156225e-02
6.500000000000000000e+00 6.042338123607449152e-02
6.625000000000000000e+00 5.747535526205992812e-02
6.750000000000000000e+00 5.463754272476023521e-02
6.875000000000000000e+00 5.191603798442250700e-02
7.000000000000000000e+00 4.929034692513332983e-02
7.125000000000000000e+00 4.679229543952722475e-02
7.250000000000000000e+00 4.440068383482398406e-02
7.375000000000000000e+00 4.212043135462883309e-02
7.500000000000000000e+00 3.995636057000186842e-02
7.625000000000000000e+00 3.788558828895230435e-02
7.750000000000000000e+00 3.588424131843948733e-02
7.875000000000000000e+00 3.401166564577513124e-02
8.000000000000000000e+00 3.221578495085911098e-02
8.125000000000000000e+00 3.049969262140193871e-02
8.250000000000000000e+00 2.886642729885359471e-02
8.375000000000000000e+00 2.732765696826202489e-02
8.500000000000000000e+00 2.585735617769148800e-02
8.625000000000000000e+00 2.446089897417917658e-02
8.750000000000000000e+00 2.313482999181104907e-02
8.875000000000000000e+00 2.187548593460268698e-02
9.000000000000000000e+00 2.068199999999999900e-02
9.125000000000000000e+00 1.955036838527601795e-02
9.250000000000000000e+00 1.847943256704599052e-02
9.375000000000000000e+00 1.746180000386558101e-02
9.500000000000000000e+00 1.649905407894646306e-02
9.625000000000000000e+00 1.558965251777601375e-02
9.750000000000000000e+00 1.472882777922262208e-02
9.875000000000000000e+00 1.391477423460402325e-02
1.000000000000000000e+01 1.314558823331995335e-02
1.011999999999999922e+01 1.241302189154598959e-02
1.025000000000000000e+01 1.172732204085826131e-02
1.038000000000000078e+01 1.107655093971043024e-02
1.050000000000000000e+01 1.045343474653187901e-02
1.061999999999999922e+01 9.864490964058916095e-03
1.075000000000000000e+01 9.311562704508840813e-03
1.088000000000000078e+01 8.790461193816852606e-03
1.100000000000000000e+01 8.291561975888499594e-03
1.111999999999999922e+01 7.819792708250008009e-03
1.125000000000000000e+01 7.379024325749306522e-03
1.138000000000000078e+01 6.959376927570456832e-03
1.150000000000000000e+01 6.561904258673697393e-03
1.161999999999999922e+01 6.186993979308529241e-03
1.175000000000000000e+01 5.837589892241488825e-03
1.188000000000000078e+01 5.504439927912738693e-03
1.200000000000000000e+01 5.189224219476355586e-03
1.211999999999999922e+01 4.891337547133708073e-03
1.225000000000000000e+01 4.612999999999999913e-03
1.238000000000000078e+01 4.348893707599669339e-03
1.250000000000000000e+01 4.101219330881976030e-03
1.261999999999999922e+01 3.865080759828958337e-03
1.275000000000000000e+01 3.645699212771125013e-03
1.288000000000000078e+01 3.437062416541195042e-03
1.300000000000000000e+01 3.239587821004394179e-03
1.311999999999999922e+01 3.053838083985461940e-03
1.325000000000000000e+01 2.879647466704909030e-03
1.338000000000000078e+01 2.715235588342197748e-03
1.350000000000000000e+01 2.559471832234142940e-03
1.361999999999999922e+01 2.412867479328277987e-03
1.375000000000000000e+01 2.275289695840949315e-03
1.388000000000000078e+01 2.145938228374712816e-03
1.400000000000000000e+01 2.023114149028669949e-03
1.411999999999999922e+01 1.907387630032238374e-03
1.425000000000000000e+01 1.799125545925019543e-03
1.438000000000000078e+01 1.696963427714339324e-03
1.450000000000000000e+01 1.600073929542007202e-03
1.461999999999999922e+01 1.508796844906563298e-03
1.475000000000000000e+01 1.423316307080053000e-03
1.488000000000000078e+01 1.342781931960659175e-03
1.500000000000000000e+01 1.266465554209825206e-03
1.511999999999999922e+01 1.194530125530536774e-03
1.525000000000000000e+01 1.126628515749534837e-03
1.538000000000000078e+01 1.062397824640092404e-03
1.550000000000000000e+01 1.001180101180601826e-03
1.561999999999999922e+01 9.437888390948475162e-04
1.575000000000000000e+01 8.893693032143621356e-04
1.588000000000000078e+01 8.376410658510004053e-04
1.600000000000000000e+01 7.887999999999999829e-04
1.612000000000000099e+01 7.423683190977374688e-04
1.625000000000000000e+01 6.989977467774842815e-04
1.637999999999999901e+01 6.576734562075619650e-04
1.650000000000000000e+01 6.182393225927966876e-04
1.662000000000000099e+01 5.809387876532259810e-04
1.675000000000000000e+01 5.459630298838923481e-04
1.687999999999999901e+01 5.127442590609865118e-04
1.700000000000000000e+01 4.811664265095810106e-04
1.712000000000000099e+01 4.514156700868944875e-04
1.725000000000000000e+01 4.228071546225299821e-04
1.737999999999999901e+01 3.962153654365262005e-04
1.750000000000000000e+01 3.706822247559221520e-04
1.762000000000000099e+01 3.464714204548479098e-04
1.775000000000000000e+01 3.236062820388380763e-04
1.787999999999999901e+01 3.019131080294461277e-04
1.800000000000000000e+01 2.812446511491374234e-04
1.812000000000000099e+01 2.616204284684206342e-04
1.825000000000000000e+01 2.430769065542837375e-04
1.837999999999999901e+01 2.254204618751367900e-04
1.850000000000000000e+01 2.086063877257837045e-04
1.862000000000000099e+01 1.926256087647745720e-04
1.875000000000000000e+01 1.774919065056207023e-04
1.887999999999999901e+01 1.630720607338976202e-04
1.900000000000000000e+01 1.493358778057034839e-04
1.912000000000000099e+01 1.362952580539763625e-04
1.925000000000000000e+01 1.238586223280398147e-04
1.937999999999999901e+01 1.120378259785506501e-04
1.950000000000000000e+01 1.007703914848007392e-04
1.962000000000000099e+01 9.000636137518280790e-05
1.975000000000000000e+01 7.977154489540740599e-05
1.987999999999999901e+01 6.995699298854976328e-05
2.000000000000000000e+01 6.095521306664427208e-05
2.012000000000000099e+01 5.297413644411770746e-05
2.025000000000000000e+01 4.607999999999999927e-05
2.037999999999999901e+01 4.007903262205813130e-05
2.050000000000000000e+01 3.488134355210532992e-05
2.062000000000000099e+01 3.036516558130384746e-05
2.075000000000000000e+01 2.644758868025590164e-05
2.087999999999999901e+01 2.303466733599597233e-05
2.100000000000000000e+01 2.005793381682171144e-05
2.112000000000000099e+01 1.745427914524114515e-05
2.125000000000000000e+01 1.517997994893273832e-05
2.137999999999999901e+01 1.318259979594313561e-05
2.150000000000000000e+01 1.142046117720295868e-05
2.162000000000000099e+01 9.876029015753245099e-06
2.175000000000000000e+01 8.534551833576265809e-06
2.187999999999999901e+01 7.367229805021694176e-06
2.200000000000000000e+01 6.364894186080394985e-06
2.212000000000000099e+01 5.493326394817625040e-06
2.225000000000000000e+01 4.745292509424471026e-06
2.237999999999999901e+01 4.098249131299852653e-06
2.250000000000000000e+01 3.536216993483290147e-06
2.262000000000000099e+01 3.049102873010354871e-06
2.275000000000000000e+01 2.629056439105101977e-06
2.287999999999999901e+01 2.265372915173128930e-06
2.300000000000000000e+01 1.951423846835945671e-06
2.312000000000000099e+01 1.680990808779155736e-06
2.325000000000000000e+01 1.447994161763092238e-06
2.337999999999999901e+01 1.247987564761764838e-06
2.350000000000000000e+01 1.076184928346425174e-06
2.362000000000000099e+01 9.292398682794447710e-07
2.375000000000000000e+01 8.041105334467395162e-07
2.387999999999999901e+01 6.973344715414547774e-07
2.400000000000000000e+01 6.064936603131148497e-07
2.412000000000000099e+01 5.299197384510223059e-07
2.425000000000000000e+01 4.659987068919826382e-07
2.437999999999999901e+01 4.127842593898172799e-07
2.450000000000000000e+01 3.691521661862490082e-07
2.462000000000000099e+01 3.341312814927689639e-07
2.475000000000000000e+01 3.070033737192475875e-07
2.487999999999999901e+01 2.871084491407384615e-07
2.500000000000000000e+01 2.739500000000000410e-07
