0.000000000000000000e+00 0.000000000000000000e+00
1.250000000000000000e-01 5.363404935299963261e-02
2.500000000000000000e-01 7.495000000000000273e-02
3.750000000000000000e-01 9.130473016224295579e-02
5.000000000000000000e-01 1.047932249718463438e-01
6.250000000000000000e-01 1.162927609526921702e-01
7.500000000000000000e-01 1.263531064121495850e-01
8.750000000000000000e-01 1.350738316625392788e-01
1.000000000000000000e+00 1.428000000000000103e-01
1.125000000000000000e+00 1.494470182037768158e-01
1.250000000000000000e+00 1.551831176384854127e-01
1.375000000000000000e+00 1.600604378039745535e-01
1.500000000000000000e+00 1.641158127664729405e-01
1.625000000000000000e+00 1.675027910215229621e-01
1.750000000000000000e+00 1.701218093014531807e-01
1.875000000000000000e+00 1.721218136959984657e-01
2.000000000000000000e+00 1.733825827469414604e-01
2.125000000000000000e+00 1.741996878585033437e-01
2.250000000000000000e+00 1.743000000000000105e-01
2.375000000000000000e+00 1.739905852337993442e-01
2.500000000000000000e+00 1.731347018942187843e-01
2.625000000000000000e+00 1.719016470252685003e-01
2.750000000000000000e+00 1.701428517452319988e-01
2.875000000000000000e+00 1.681848277565488325e-01
3.000000000000000000e+00 1.658265443166443143e-01
3.125000000000000000e+00 1.631648897587958391e-01
3.250000000000000000e+00 1.602487264379969800e-01
3.375000000000000000e+00 1.571102721021130355e-01
3.500000000000000000e+00 1.538008268833428727e-01
3.625000000000000000e+00 1.503163216769889121e-01
3.750000000000000000e+00 1.467086091543369497e-01
3.875000000000000000e+00 1.429919829920544838e-01
4.000000000000000000e+00 1.391999999999999904e-01
4.125000000000000000e+00 1.353261697252235163e-01
4.250000000000000000e+00 1.313621452321786509e-01
4.375000000000000000e+00 1.273605725391496468e-01
4.500000000000000000e+00 1.233335647745576052e-01
4.625000000000000000e+00 1.192927456407136266e-01
4.750000000000000000e+00 1.152710825619331220e-01
4.875000000000000000e+00 1.113022663178967059e-01
5.000000000000000000e+00 1.073759842795399128e-01
5.125000000000000000e+00 1.034804136660653351e-01
5.250000000000000000e+00 9.964810848681474043e-02
5.375000000000000000e+00 9.588921524342558511e-02
5.500000000000000000e+00 9.219012175932950193e-02
5.625000000000000000e+00 8.855958587301546170e-02
5.750000000000000000e+00 8.503009290833450640e-02
5.875000000000000000e+00 8.156221360102973439e-02
6.000000000000000000e+00 7.818771258963902460e-02
6.125000000000000000e+00 7.491442793280876644e-02
6.250000000000000000e+00 7.172499999999999709e-02
6.375000000000000000e+00 6.865138481851622287e-02
6.500000000000000000e+00 6.564987623750709322e-02
6.625000000000000000e+00 6.275186570931576280e-02
6.750000000000000000e+00 5.996359895803453355e-02
6.875000000000000000e+00 5.726496311009027229e-02
7.000000000000000000e+00 5.466122208659444925e-02
7.125000000000000000e+00 5.215752726117295346e-02
7.250000000000000000e+00 4.975892281792281685e-02
7.375000000000000000e+00 4.744319379531693887e-02
7.500000000000000000e+00 4.521449712205146548e-02
7.625000000000000000e+00 4.307690796703031455e-02
7.750000000000000000e+00 4.103442335405725616e-02
7.875000000000000000e+00 3.909096554832075521e-02
8.000000000000000000e+00 3.722210096165986387e-02
8.125000000000000000e+00 3.540244694932823122e-02
8.250000000000000000e+00 3.369185992194553836e-02
8.375000000000000000e+00 3.206506822072892338e-02
8.500000000000000000e+00 3.049587841004092539e-02
8.625000000000000000e+00 2.898656175713152858e-02
8.750000000000000000e+00 2.755709962967800922e-02
8.875000000000000000e+00 2.618921378879098677e-02
9.000000000000000000e+00 2.488800000000000040e-02
9.125000000000000000e+00 2.364652097032457836e-02
9.250000000000000000e+00 2.246060064312617455e-02
9.375000000000000000e+00 2.133505565964148240e-02
9.500000000000000000e+00 2.025934662075754011e-02
9.625000000000000000e+00 1.923809656969732718e-02
9.750000000000000000e+00 1.826661914531531664e-02
9.875000000000000000e+00 1.734318857289512267e-02
1.000000000000000000e+01 1.646597977649675096e-02
1.011999999999999922e+01 1.562602858310453702e-02
1.025000000000000000e+01 1.483283729601319288e-02
1.038000000000000078e+01 1.407604742745633027e-02
1.050000000000000000e+01 1.335356620906939448e-02
1.061999999999999922e+01 1.266057066249385091e-02
1.075000000000000000e+01 1.200994865725911291e-02
1.088000000000000078e+01 1.139296546470672071e-02
1.100000000000000000e+01 1.079893031739718318e-02
1.111999999999999922e+01 1.023409118192719625e-02
1.125000000000000000e+01 9.703416988360339182e-03
1.138000000000000078e+01 9.199331498538357993e-03
1.150000000000000000e+01 8.715294028315969527e-03
1.161999999999999922e+01 8.256142929964330537e-03
1.175000000000000000e+01 7.822301899057592517e-03
1.188000000000000078e+01 7.413932551621980546e-03
1.200000000000000000e+01 7.021733973884228958e-03
1.211999999999999922e+01 6.649433960872158482e-03
1.225000000000000000e+01 6.300000000000000044e-03
1.238000000000000078e+01 5.970932541906665350e-03
1.250000000000000000e+01 5.653318715586447794e-03
1.261999999999999922e+01 5.353563148035147927e-03
1.275000000000000000e+01 5.070414184265423750e-03
1.288000000000000078e+01 4.801910319862294149e-03
1.300000000000000000e+01 4.546600158360090266e-03
1.311999999999999922e+01 4.306741171698155041e-03
1.325000000000000000e+01 4.076861537997089786e-03
1.338000000000000078e+01 3.862708852605901966e-03
1.350000000000000000e+01 3.656965711488145612e-03
1.361999999999999922e+01 3.462453761250827017e-03
1.375000000000000000e+01 3.279072161069347159e-03
1.388000000000000078e+01 3.105649491620070431e-03
1.400000000000000000e+01 2.940568540265640560e-03
1.411999999999999922e+01 2.784049438713328498e-03
1.425000000000000000e+01 2.636779676518309374e-03
1.438000000000000078e+01 2.497475113950087082e-03
1.450000000000000000e+01 2.364316760715450254e-03
1.461999999999999922e+01 2.238724157863134119e-03
1.475000000000000000e+01 2.120380283699129127e-03
1.488000000000000078e+01 2.008193834469173145e-03
1.500000000000000000e+01 1.901634822987841858e-03
1.511999999999999922e+01 1.800349766017703395e-03
1.525000000000000000e+01 1.704586991766627278e-03
1.538000000000000078e+01 1.613401495226777322e-03
1.550000000000000000e+01 1.526770126770890220e-03
1.561999999999999922e+01 1.443743982082695918e-03
1.575000000000000000e+01 1.366001401902648248e-03
1.588000000000000078e+01 1.291529350344002101e-03
1.600000000000000000e+01 1.220399999999999957e-03
1.612000000000000099e+01 1.153099952649378965e-03
1.625000000000000000e+01 1.089211021795133925e-03
1.637999999999999901e+01 1.028398924445178423e-03
1.650000000000000000e+01 9.704163874337655036e-04
1.662000000000000099e+01 9.152333882677140924e-04
1.675000000000000000e+01 8.631454497939498654e-04
1.687999999999999901e+01 8.134884879332957789e-04
1.700000000000000000e+01 7.660730252397612719e-04
1.712000000000000099e+01 7.207755245567096973e-04
1.725000000000000000e+01 6.778205072141149862e-04
1.737999999999999901e+01 6.374298124499669068e-04
1.750000000000000000e+01 5.982119189718640689e-04
1.762000000000000099e+01 5.612215763849425811e-04
1.775000000000000000e+01 5.257917458462048462e-04
1.787999999999999901e+01 4.921944786362398520e-04
1.800000000000000000e+01 4.603265145524423722e-04
1.812000000000000099e+01 4.295070164735379534e-04
1.825000000000000000e+01 4.004147355243060447e-04
1.837999999999999901e+01 3.726425741001691111e-04
1.850000000000000000e+01 3.460715454931248872e-04
1.862000000000000099e+01 3.207406249884787986e-04
1.875000000000000000e+01 2.966137007961702678e-04
1.887999999999999901e+01 2.736117150123510235e-04
1.900000000000000000e+01 2.515084690422968693e-04
1.912000000000000099e+01 2.304382450896552410e-04
1.925000000000000000e+01 2.103797711877261319e-04
1.937999999999999901e+01 1.911906790667369414e-04
1.950000000000000000e+01 1.727492425453726842e-04
1.962000000000000099e+01 1.551635255399928359e-04
1.975000000000000000e+01 1.383447461055171469e-04
1.987999999999999901e+01 1.222129495102707985e-04
2.000000000000000000e+01 1.072418202008899250e-04
2.012000000000000099e+01 9.397190165150432590e-05
2.025000000000000000e+01 8.235000000000000946e-05
2.037999999999999901e+01 7.218559716453138016e-05
2.050000000000000000e+01 6.329714211558054831e-05
2.062000000000000099e+01 5.553551294442142430e-05
2.075000000000000000e+01 4.874081964842199460e-05
2.087999999999999901e+01 4.276104283480466558e-05
2.100000000000000000e+01 3.750379948751859032e-05
2.112000000000000099e+01 3.288187658878367615e-05
2.125000000000000000e+01 2.881107642904027398e-05
2.137999999999999901e+01 2.520923678971658343e-05
2.150000000000000000e+01 2.201557030830680046e-05
2.162000000000000099e+01 1.918944055932845469e-05
2.175000000000000000e+01 1.670999957360861280e-05
2.187999999999999901e+01 1.454735536102696445e-05
2.200000000000000000e+01 1.265943213576343723e-05
2.212000000000000099e+01 1.101957512248090178e-05
2.225000000000000000e+01 9.594358811301564668e-06
2.237999999999999901e+01 8.349774577795498275e-06
2.250000000000000000e+01 7.266914063066935635e-06
2.262000000000000099e+01 6.316032780155594100e-06
2.275000000000000000e+01 5.489920104154522342e-06
2.287999999999999901e+01 4.771346036497458300e-06
2.300000000000000000e+01 4.144557602446851629e-06
2.312000000000000099e+01 3.600474592716910721e-06
2.325000000000000000e+01 3.129364671942213525e-06
2.337999999999999901e+01 2.721299501929179776e-06
2.350000000000000000e+01 2.368576378333618473e-06
2.362000000000000099e+01 2.064059477292260384e-06
2.375000000000000000e+01 1.802182274355177166e-06
2.387999999999999901e+01 1.578409490594883852e-06
2.400000000000000000e+01 1.386411194415278577e-06
2.412000000000000099e+01 1.223382825284056169e-06
2.425000000000000000e+01 1.086329015538110278e-06
2.437999999999999901e+01 9.717217972238760249e-07
2.450000000000000000e+01 8.775902261306241120e-07
2.462000000000000099e+01 8.013395004615708982e-07
2.475000000000000000e+01 7.422606280815385470e-07
2.487999999999999901e+01 6.988167777035693508e-07
2.500000000000000000e+01 6.700000000000000438e-07
